0.4207	1.26715	5.6828e-05	0.00142214	
1.3638	1.26787	3.51807e-05	0.00135595	
0.146321	1.28755	5.52634e-05	0.00168334	
1.12854	1.03836	7.70341e-05	0.00102679	
1.45246	1.4889	2.08019e-05	0.00200557	
3.2628	1.51848	0.000100695	0.00229509	
0.298637	1.41532	4.49508e-05	0.00205278	
0.530156	1.34571	8.38112e-05	0.00190849	
2.33887	1.52765	2.92425e-05	0.00306123	
0.274532	1.16817	5.82349e-05	0.00181279	
1.95132	1.18146	3.60721e-05	0.00127651	
4.12937	1.46676	5.22239e-05	0.002844	
2.57657	1.43424	8.23976e-05	0.00204799	
1.4752	1.26277	3.79309e-05	0.00173904	
0.0057981	1.43951	5.55476e-05	0.00173727	
0.99368	1.21046	8.15786e-05	0.00163887	
4.8989	1.56317	0.000130581	0.003364	
2.26275	1.20305	0.000103973	0.00122787	
0.680353	1.23781	4.54322e-06	0.00172145	
2.37627	1.09991	3.40524e-05	0.00111457	
1.49929	1.29653	1.65045e-05	0.00176564	
0.542887	1.39189	2.212e-05	0.0020351	
1.28	1.25175	6.64871e-05	0.00151994	
1.31422	1.18972	5.5568e-05	0.00107101	
0.904099	1.38032	6.61615e-05	0.00143546	
0.456473	1.36683	0.00011719	0.00191362	
1.11977	1.20251	4.71118e-05	0.00122809	
2.91778	1.26145	6.4785e-05	0.00186952	
1.1673	1.34774	2.92658e-05	0.00245044	
1.80089	1.34121	4.89522e-05	0.0014778	
1.40946	1.16555	9.06294e-05	0.00139616	
1.29056	1.24214	3.6116e-05	0.00120711	
1.6186	1.08817	4.05375e-05	0.00133373	
0.622233	1.28913	6.54484e-05	0.00199968	
3.53905	1.65896	6.80918e-06	0.00361722	
1.18337	1.06292	6.96704e-05	0.000987015	
1.66025	1.24825	4.74624e-05	0.00164636	
1.91069	1.29487	7.82592e-05	0.00180074	
1.30355	1.23304	1.74422e-05	0.00174452	
3.40492	1.70061	2.51148e-05	0.00290269	
1.32948	1.28491	9.99541e-06	0.00126673	
1.05097	1.2159	5.46683e-05	0.00116863	
1.5053	1.05149	4.89642e-05	0.000919362	
1.77861	1.37326	1.22108e-05	0.00227114	
1.23698	1.16465	2.22955e-05	0.00115928	
1.23562	1.20749	5.2965e-05	0.00127041	
0.787621	1.05763	3.41813e-05	0.00118922	
1.05582	1.10817	6.85442e-05	0.00105649	
1.96893	1.26786	2.74126e-05	0.00194145	
0.109859	1.42635	5.77595e-05	0.00211511	
1.48661	1.10249	1.82481e-06	0.00168992	
1.41272	1.18323	5.19696e-05	0.000977021	
0.677758	1.21545	5.01438e-05	0.00139908	
1.61972	1.46782	3.88091e-05	0.00177419	
1.52502	1.23433	9.47156e-05	0.00156386	
1.20548	1.09142	4.09719e-05	0.00128469	
2.21678	1.58241	0.000110344	0.00253372	
0.710401	1.74778	1.0772e-05	0.00343489	
1.26081	1.23536	2.78044e-05	0.00110807	
2.49801	1.55123	5.99316e-05	0.00251216	
1.93078	1.23993	3.23512e-05	0.00108799	
0.0782255	1.2444	8.27677e-05	0.0014777	
1.23592	1.45335	5.05918e-05	0.00114428	
0.826151	1.25093	4.93111e-05	0.00170504	
0.965007	1.23404	5.58586e-05	0.00171617	
1.23197	1.11607	7.08844e-05	0.00131677	
0.289761	1.43507	9.01678e-05	0.00217688	
0.88819	1.17404	3.86337e-05	0.00133505	
0.649369	1.31483	9.67855e-05	0.00200591	
0.176015	1.50093	0.000136538	0.00245947	
0.324894	1.22722	9.86389e-05	0.00131925	
0.593387	1.2675	6.54176e-05	0.00236481	
1.01463	1.187	0.000110127	0.00139932	
1.28971	1.22313	4.51193e-05	0.0014308	
3.63797	1.43864	3.59818e-05	0.00229369	
1.97017	1.18896	3.30421e-05	0.00107732	
1.03896	1.0994	1.61405e-05	0.00130379	
0.46419	1.28967	8.85376e-05	0.00196852	
2.30086	1.12692	7.79111e-05	0.00141513	
1.87997	1.10518	6.41031e-05	0.0010066	
0.982565	1.40155	4.69471e-05	0.00194814	
0.851041	1.39964	1.88304e-05	0.00208626	
1.79737	1.47394	3.82974e-05	0.00254567	
1.29268	1.33213	9.08101e-05	0.00168472	
1.02624	1.26623	9.12679e-05	0.00149452	
1.29541	1.02879	3.41818e-05	0.000751939	
0.596535	1.12427	7.65567e-05	0.00158589	
1.7499	1.45813	8.65779e-05	0.00233086	
0.93657	1.22348	3.41731e-05	0.00128303	
2.44149	1.4795	0.000135302	0.00203528	
1.91131	1.14598	4.63544e-05	0.00116982	
0.845592	1.24119	6.61243e-05	0.00142855	
0.611192	1.35653	6.56099e-05	0.00221808	
2.20512	1.31665	2.773e-05	0.00191613	
1.50931	1.35253	9.71581e-06	0.00138917	
1.62592	1.32043	7.81621e-05	0.00145034	
1.52794	1.24349	9.38548e-05	0.00162768	
1.27101	1.23694	6.26271e-05	0.00138267	
1.78143	1.356	4.6524e-05	0.00212132	
1.27328	1.5442	8.27741e-05	0.0029994	
1.77521	1.48582	6.74553e-05	0.00165954	
0.976743	1.25297	4.88616e-05	0.00149231	
1.46822	1.17838	5.75086e-05	0.00125641	
1.45933	1.29985	4.73769e-05	0.00156059	
0.0928833	1.36248	8.52052e-05	0.00195534	
0.687797	1.47443	0.000115552	0.00300506	
1.42778	1.27759	5.88976e-05	0.00137561	
2.20791	1.25141	3.28942e-05	0.00153726	
0.59693	1.28444	1.09216e-05	0.0020592	
2.3244	1.51355	6.12563e-05	0.00201913	
1.78605	1.13705	3.44465e-05	0.00163457	
2.0032	1.63509	5.97117e-07	0.00406069	
5.64526	2.05324	0.000136413	0.00452432	
1.65591	1.48918	2.80865e-05	0.00238501	
1.73443	1.20882	3.73303e-05	0.00133605	
0.0285692	1.16932	4.40251e-05	0.0014574	
0.87487	1.37596	4.35801e-05	0.00161612	
1.85492	1.38453	9.44913e-05	0.00210207	
0.913145	1.26093	6.19811e-05	0.00157591	
2.34516	1.31312	7.75563e-05	0.00184246	
0.96176	1.32132	6.10579e-06	0.00206745	
1.51527	1.30828	6.03328e-05	0.00252066	
1.71933	1.20404	7.52346e-05	0.00117385	
4.46089	1.52538	1.4337e-05	0.00334322	
0.0270058	1.51068	6.91879e-05	0.00233054	
1.85981	1.30821	5.95271e-05	0.00154124	
1.35668	1.15472	7.52911e-05	0.00136244	
0.900539	1.28639	8.55802e-05	0.00153679	
1.19921	1.32905	5.09166e-05	0.00139867	
1.05992	1.26615	2.85675e-05	0.00208422	
0.485583	1.30459	7.02052e-05	0.00198595	
1.64783	1.43578	3.48883e-05	0.00201818	
1.42272	1.23665	6.27826e-05	0.00172193	
1.42936	1.2839	4.54167e-05	0.00158215	
2.39292	1.07333	6.4768e-05	0.00106757	
1.36496	1.53227	0.000173445	0.00269079	
1.76899	1.19981	3.45635e-05	0.00150403	
0.481382	1.21161	5.69692e-05	0.00160454	
0.890696	1.33588	4.25559e-05	0.00181872	
1.21787	1.43923	3.38107e-05	0.00118953	
2.30518	1.56803	3.49884e-05	0.00259175	
1.31428	1.39092	7.78053e-05	0.00189013	
1.20735	1.15708	2.67871e-05	0.000875018	
0.574107	1.32311	3.60421e-05	0.00172331	
1.14744	1.50832	5.0354e-05	0.00194205	
1.34638	1.20606	5.67707e-05	0.00150928	
0.305269	1.36131	4.55949e-05	0.0018759	
1.7461	1.24129	8.7992e-05	0.00167292	
2.60498	1.49284	2.35185e-05	0.00271613	
0.742871	1.5337	3.34589e-05	0.00334071	
1.83301	1.57982	1.70819e-05	0.002872	
1.3603	1.18484	2.68989e-05	0.00131333	
0.610883	1.36443	3.6071e-05	0.00177338	
1.35151	1.21023	3.21991e-05	0.00149186	
1.21014	1.17962	4.00259e-05	0.000910801	
1.9284	1.78047	8.20958e-05	0.00344109	
0.955589	1.25237	6.20009e-05	0.00138569	
0.782871	1.08315	1.86865e-05	0.00105018	
1.70317	0.929306	8.35868e-05	0.000696286	
1.14941	1.59973	3.30183e-05	0.00203564	
2.1327	1.18521	6.63456e-05	0.00161124	
0.434495	1.61288	5.56093e-05	0.00418028	
1.34064	1.02571	5.8969e-05	0.000805044	
1.74353	1.3087	5.96104e-05	0.00145845	
0.885199	1.11992	5.37452e-05	0.00142172	
1.0666	1.13007	5.37369e-05	0.00153388	
0.964963	1.55148	7.7387e-05	0.00255099	
0.813593	1.22888	3.58342e-05	0.000946245	
0.0788209	1.27024	2.88385e-05	0.00174171	
1.04882	1.23957	7.22071e-05	0.00139494	
0.242659	1.10876	3.89708e-05	0.00114232	
0.452502	1.14338	5.19729e-05	0.00141454	
1.8097	1.36043	2.73219e-05	0.0023719	
1.06068	1.76284	0.00012265	0.00322497	
0.719298	1.39938	9.83061e-06	0.00161909	
0.825294	1.19938	5.55224e-05	0.00156386	
1.40803	1.10189	6.05663e-05	0.000955904	
2.63339	1.26099	5.9999e-05	0.00189013	
3.14171	1.43735	5.17012e-05	0.00227921	
1.13159	1.33586	2.57057e-05	0.00214996	
1.80101	1.6216	5.54215e-05	0.00260696	
2.35704	1.12408	3.65594e-05	0.00079658	
2.54754	1.56476	6.58913e-05	0.00225879	
1.92324	1.27178	4.98951e-05	0.00183054	
0.863068	1.24664	6.10009e-05	0.00161263	
2.25738	1.33996	4.45231e-05	0.00148694	
0.395883	1.23791	4.64731e-05	0.00164108	
0.917024	1.06096	5.62757e-05	0.00118438	
0.926907	1.48143	9.47309e-05	0.00244787	
1.8451	1.46035	5.89698e-05	0.00189569	
1.36235	1.05555	5.13805e-05	0.00106033	
1.15006	1.25622	5.8481e-05	0.00149678	
1.12378	1.29023	3.77072e-05	0.00143215	
1.45663	1.10818	4.39597e-05	0.000981915	
1.01408	1.3784	7.8739e-05	0.00140627	
3.03346	1.5809	4.90488e-05	0.00230412	
1.44974	1.26713	4.66818e-05	0.00138318	
0.0539576	1.41324	1.30389e-05	0.00177494	
0.890673	1.72911	0.000208911	0.00422694	
1.29779	1.22114	2.72121e-05	0.00152086	
0.887688	1.35714	2.35261e-05	0.00190647	
4.56184	1.44491	9.04126e-05	0.00205876	
1.1558	1.28568	5.66734e-05	0.00171179	
2.26776	1.18657	4.11505e-05	0.00133334	
2.87877	1.27779	1.50421e-06	0.00161912	
0.167009	1.65375	1.67627e-05	0.00339131	
0.820559	1.15522	3.14035e-05	0.00132149	
1.29531	1.07346	2.68139e-05	0.00130169	
2.01695	0.923042	5.20168e-05	0.000722524	
1.79541	2.25491	0.000126013	0.00577994	
1.17944	1.48323	3.49084e-05	0.00346989	
1.39472	1.21628	6.27758e-05	0.00102285	
0.968882	1.44076	8.68886e-05	0.00189297	
1.84508	1.23796	4.12013e-05	0.00138667	
0.0179192	1.57273	8.25851e-06	0.0022343	
2.41808	1.45214	4.9153e-05	0.00208284	
0.754855	1.70137	7.21775e-05	0.00299441	
1.60126	1.32382	6.34997e-05	0.00207907	
1.74595	1.70269	0.000172502	0.00339859	
1.99409	1.50784	6.42691e-05	0.00267513	
2.13156	1.55108	4.16216e-05	0.00201178	
1.84823	1.59849	2.02595e-05	0.00289825	
1.1906	1.24415	3.57508e-05	0.00219405	
0.981385	1.29066	4.55249e-05	0.00103713	
0.775855	1.23173	3.86912e-05	0.00101725	
0.927301	1.20809	5.67112e-05	0.00134669	
1.9226	1.1811	3.23309e-05	0.00112082	
1.41181	1.32138	3.78759e-05	0.00125514	
1.68887	1.13109	4.78457e-05	0.00132701	
0.932585	1.33578	5.8586e-05	0.00135489	
0.702618	1.33771	5.31009e-05	0.00242756	
1.14919	1.09332	3.08057e-05	0.00115869	
1.74271	1.35196	3.90551e-05	0.00186354	
1.1092	1.18637	7.57709e-05	0.00122111	
2.58037	1.37364	2.67344e-06	0.00228955	
1.30942	1.12844	4.45864e-05	0.00133017	
1.29478	1.29482	4.09165e-05	0.0015261	
1.84731	1.42625	0.000158004	0.00288266	
0.786529	1.41137	4.39257e-05	0.00217537	
0.805762	1.51509	3.85258e-05	0.00242832	
0.226505	1.55633	1.76819e-07	0.00268949	
3.43146	1.34063	2.62271e-05	0.00208802	
1.47847	1.17179	6.14788e-05	0.00121769	
1.69153	1.27783	3.19023e-05	0.00126722	
1.48611	1.1857	0.000103113	0.00167943	
0.587421	1.29559	5.25369e-05	0.00114154	
1.37967	1.34405	3.01823e-05	0.00158337	
1.76841	1.33224	4.31713e-05	0.00196774	
2.70937	1.54168	5.76977e-05	0.00249476	
0.834139	1.28507	5.94622e-05	0.00156583	
0.0708765	1.6695	0.000180262	0.00352654	
0.960855	1.34137	6.02987e-05	0.001407	
2.25857	1.27365	5.17734e-06	0.00180483	
1.39061	1.27415	5.31607e-05	0.00139101	
1.13288	1.5468	4.72064e-05	0.00219583	
0.508561	1.22673	2.49307e-06	0.00179751	
1.1726	1.4264	9.46419e-05	0.0022001	
2.15632	1.34781	3.59088e-05	0.00214372	
3.70923	1.66624	0.00011261	0.00279031	
2.31187	1.18263	6.87338e-05	0.00181452	
1.44264	1.27476	2.2987e-05	0.00134545	
1.4465	1.31347	4.15449e-05	0.00150564	
5.19831	1.51543	0.000128502	0.00264702	
2.14871	1.42274	9.22092e-05	0.00269479	
0.61074	1.25397	9.05862e-05	0.00152363	
1.46628	1.22679	7.0331e-05	0.00134408	
0.15899	1.08954	2.77056e-05	0.00105569	
1.19914	1.30131	5.74213e-05	0.00118259	
1.08544	1.59244	0.000113542	0.00253516	
2.24485	1.53815	3.30759e-05	0.00229394	
1.10294	1.33973	4.15616e-05	0.00153356	
0.215013	1.49743	0.000104718	0.00195433	
0.98983	1.43632	4.38286e-05	0.00186148	
1.25662	1.00216	1.39303e-05	0.000762137	
2.24973	1.35989	7.42195e-05	0.00219484	
1.55998	1.08377	1.54472e-05	0.00110545	
2.71845	1.4088	3.94142e-05	0.00252549	
2.05377	1.44571	3.35314e-05	0.00218904	
0.941987	1.26354	3.27868e-05	0.00191375	
1.54431	1.21645	8.52473e-05	0.00179669	
1.09119	1.30365	5.98736e-06	0.00152973	
1.73195	1.24304	1.78321e-05	0.00195425	
2.21628	1.3345	2.12371e-05	0.00173027	
0.412992	1.36246	9.36905e-05	0.0018367	
4.1488	1.71254	0.00010556	0.00328617	
1.40117	1.2569	3.82849e-05	0.00140026	
1.76307	1.78546	1.51592e-05	0.00390571	
1.46129	1.56942	1.48376e-05	0.00249633	
1.91652	1.24008	3.19228e-05	0.00147155	
1.03611	1.09108	2.57998e-05	0.0011971	
2.27427	1.52298	3.43368e-05	0.00191206	
0.465156	1.36732	5.95582e-05	0.00157183	
1.59266	1.39707	6.11516e-05	0.00168266	
0.26816	1.57286	9.78495e-05	0.00320372	
2.42478	1.23878	0.000101918	0.0017564	
1.28033	1.37561	6.67399e-05	0.00184564	
0.986107	1.20345	0.000101514	0.00159563	
1.7001	1.21378	5.54968e-05	0.00102727	
1.74778	1.29916	3.3826e-05	0.00163547	
1.70501	1.29542	7.92701e-05	0.00163772	
0.968268	1.38454	4.34253e-05	0.00154181	
1.41852	1.24307	5.96863e-05	0.00152209	
1.08955	1.24911	1.96583e-05	0.00128007	
2.17697	1.42231	3.79349e-05	0.00176855	
1.8513	1.21698	3.17108e-05	0.00146339	
2.27682	1.30696	0.00010714	0.0017715	
1.38914	1.25137	3.91369e-05	0.00152932	
0.457153	1.2669	4.53501e-05	0.00170858	
2.53954	1.47944	3.79418e-05	0.00293503	
0.290307	1.36975	4.16121e-05	0.00174999	
0.359914	1.45772	1.58067e-05	0.00183856	
0.430739	1.33845	8.55616e-05	0.00163253	
1.11346	1.00754	6.18947e-05	0.000869995	
1.7663	1.68005	0.000135215	0.00253827	
1.0759	1.58717	5.8426e-05	0.00193902	
0.798748	1.06811	2.34667e-05	0.00118948	
0.389039	1.3431	0.000148659	0.00271831	
1.28556	1.24211	7.26844e-05	0.00148388	
0.952376	1.1569	7.07723e-05	0.001406	
0.818255	1.35589	5.67237e-05	0.00186863	
1.88574	1.3051	5.35952e-05	0.00145797	
0.581471	1.19657	4.41353e-05	0.00166464	
0.639066	1.23268	5.309e-05	0.00124502	
1.609	1.50142	4.07516e-05	0.00195424	
0.862981	1.40385	7.65807e-05	0.00220261	
1.31786	1.14578	6.29753e-05	0.00104165	
0.800315	1.36598	6.01468e-05	0.00172832	
0.701398	1.19322	1.37502e-05	0.0016631	
1.2275	1.27397	3.49578e-05	0.00105369	
3.9298	1.55242	0.000126564	0.00362055	
0.0803851	1.6935	6.54976e-05	0.00286281	
1.67466	1.23548	8.36714e-05	0.0017919	
1.58704	1.29576	5.18381e-05	0.00178147	
1.39818	1.66774	8.79816e-05	0.00204918	
0.935979	1.19669	5.68327e-05	0.00123672	
2.09961	1.67125	4.2593e-05	0.0035867	
1.05908	1.18944	4.12138e-05	0.00115465	
1.51339	1.17176	3.15277e-05	0.00112184	
1.50128	1.11357	4.85392e-05	0.000916535	
1.28556	1.23226	4.38475e-05	0.00129873	
1.78408	1.34169	7.33119e-05	0.00167123	
1.43432	1.19563	3.17503e-05	0.00115413	
0.970126	1.23734	4.67288e-05	0.00143484	
0.338811	1.52576	5.83496e-05	0.0024984	
0.0930622	1.39313	1.78555e-05	0.00170906	
1.36397	1.24418	8.60868e-05	0.0016509	
3.44538	1.84245	8.22633e-06	0.00436633	
1.71565	1.17206	4.44581e-05	0.00150366	
1.54968	1.29275	4.77652e-05	0.00156678	
5.69827	1.68823	0.000169383	0.00404966	
1.67421	1.32351	3.13065e-05	0.00145337	
1.04291	1.30811	5.92801e-05	0.00166158	
2.29872	1.37654	7.95767e-06	0.00261713	
0.922766	1.22762	4.97477e-05	0.00141531	
1.44055	1.27809	1.16672e-05	0.00204352	
2.56352	1.14436	3.11079e-05	0.00127675	
1.49815	1.18549	5.91777e-05	0.00106859	
0.792151	1.42064	4.03699e-05	0.00170285	
1.05501	1.35632	5.54482e-05	0.00182743	
1.10027	1.21338	2.78016e-05	0.0012784	
0.697364	1.3034	5.62071e-05	0.00166037	
1.8723	1.17506	6.23068e-05	0.0011596	
0.620307	1.39839	4.76204e-05	0.00217518	
1.53538	1.12773	5.45315e-05	0.00114858	
1.36365	1.00045	6.06884e-05	0.000916383	
3.00301	1.2388	6.19567e-05	0.00184011	
0.306168	1.24932	9.93171e-05	0.00159543	
1.67754	1.2031	7.29093e-05	0.00161083	
1.32897	1.19945	4.42189e-05	0.00149531	
1.59471	1.28927	6.22864e-05	0.00124308	
2.31185	1.45227	3.75737e-05	0.00156351	
1.57124	1.26734	9.38527e-05	0.00160594	
0.466993	1.29057	3.77125e-05	0.00189665	
1.87395	1.15989	6.58621e-05	0.00104351	
1.24338	1.27011	5.78169e-05	0.0012708	
0.00872868	1.20668	8.14172e-05	0.0015921	
0.844357	1.29639	4.85906e-05	0.00133626	
0.8809	1.33367	4.6674e-05	0.00176549	
1.22488	1.29663	7.07935e-05	0.00148799	
2.56159	1.41445	0.000109155	0.00278292	
3.41919	1.76228	9.75005e-05	0.00319872	
1.91693	1.37915	4.21536e-05	0.00149223	
0.702204	1.447	1.69386e-05	0.00258964	
1.31661	1.26035	5.40736e-05	0.00133227	
1.29114	1.39289	4.62757e-05	0.00208618	
1.37765	1.34229	4.2691e-05	0.00144135	
1.45865	1.3095	6.55516e-05	0.00135746	
1.71336	1.25493	3.34845e-05	0.00155903	
0.778495	1.08864	9.34264e-06	0.00123952	
0.895042	1.49341	0.000140277	0.00278615	
1.31627	1.32161	9.63297e-05	0.00150101	
1.172	1.37372	7.6562e-05	0.00136309	
1.3969	1.20972	1.14414e-05	0.00150211	
1.94846	1.51152	8.92118e-05	0.00202459	
0.824011	1.21286	3.62823e-05	0.00121098	
2.67386	1.41647	7.00673e-05	0.0025322	
2.06756	1.50754	8.28404e-06	0.00244273	
1.12247	1.37279	5.70427e-05	0.00152249	
1.15775	1.15207	1.53591e-05	0.0014764	
3.08022	1.34208	6.5922e-06	0.00228196	
1.65093	1.39304	3.50086e-05	0.00169203	
1.01807	1.22851	5.86587e-05	0.00118064	
0.847233	1.23559	4.54016e-05	0.0010527	
0.615054	1.3775	3.38776e-05	0.00174774	
1.68682	1.1561	6.99235e-05	0.00114542	
0.771534	1.04214	9.0251e-05	0.000947083	
2.19823	1.44064	2.60804e-05	0.00201065	
0.731912	1.32433	7.91905e-05	0.0014267	
1.86518	1.3232	3.24914e-05	0.00155533	
1.84352	1.16524	3.59011e-05	0.0016093	
1.12956	1.3051	4.5008e-05	0.00136578	
1.9723	1.45878	2.50564e-06	0.00204392	
1.68504	1.41501	4.7488e-05	0.00206399	
0.949926	1.27045	3.00615e-05	0.0011822	
0.966386	1.19344	7.72936e-05	0.00132269	
1.81986	1.28991	2.88614e-05	0.00115756	
1.32405	1.14512	3.79187e-05	0.00141326	
0.831918	1.12401	4.8911e-05	0.00124937	
0.938537	1.32258	4.65299e-05	0.00216378	
0.841955	1.0836	6.80334e-05	0.000886812	
1.3107	1.11552	5.43526e-05	0.000977498	
2.33658	1.27262	1.37567e-05	0.00197575	
1.13902	1.33204	9.24109e-05	0.00147284	
1.46002	1.24155	3.06281e-05	0.0010641	
0.80624	1.2505	3.23161e-05	0.00175687	
1.56873	1.2803	4.14828e-05	0.00155279	
1.25136	1.12598	3.34906e-05	0.00121134	
1.12981	1.41807	4.96028e-05	0.00175743	
1.23438	1.12325	4.15753e-05	0.000881859	
0.868144	1.19721	4.55397e-05	0.0012373	
0.893883	1.22131	7.59323e-05	0.00119655	
0.529078	1.25949	6.96117e-05	0.00153114	
0.191283	1.217	2.846e-05	0.00181097	
0.694625	1.07088	3.08117e-05	0.000987335	
2.94805	1.60079	3.30348e-05	0.00249356	
1.12455	1.34454	7.82101e-05	0.00160419	
0.300443	1.51009	0.000122825	0.00183082	
0.366217	1.49776	6.97372e-05	0.00325402	
1.33749	1.58464	8.78422e-05	0.00306026	
0.32491	1.43983	6.82904e-05	0.00246557	
0.586697	1.5974	1.9807e-05	0.00297083	
1.47812	1.32486	3.40438e-05	0.00180602	
1.12763	1.25649	5.70718e-05	0.00152712	
1.96061	1.426	9.20075e-05	0.00255871	
1.38645	1.35288	6.96064e-05	0.00156498	
9.30167	2.12053	0.000176616	0.00564403	
1.10684	1.08602	7.14936e-05	0.00100821	
0.897964	1.37316	4.16508e-05	0.00206783	
0.871387	1.2369	5.09131e-05	0.00128455	
1.56883	1.26652	4.61637e-05	0.0012559	
0.210043	1.40255	6.18525e-05	0.00182636	
1.18878	1.20066	6.69266e-05	0.00173212	
0.182448	1.22695	4.19813e-05	0.00125025	
1.61713	1.15157	5.04299e-05	0.00127791	
0.556677	1.30378	6.07195e-05	0.00155076	
1.11922	1.51083	0.000112918	0.0026053	
0.865692	1.3857	3.85234e-05	0.00173593	
1.03511	1.1468	4.06051e-05	0.00145557	
1.15412	1.35732	2.98236e-05	0.00246341	
0.852377	1.31531	5.22001e-05	0.00204785	
2.88063	1.71648	9.86775e-05	0.00351598	
0.64793	1.42383	7.3658e-05	0.00192375	
1.15524	1.14672	7.38802e-05	0.001079	
1.83837	1.29773	5.26656e-05	0.00155273	
1.80325	1.23029	5.79819e-05	0.00151376	
2.16588	1.28182	6.65429e-05	0.00188877	
0.807804	1.14037	4.62902e-05	0.00119313	
1.18045	1.43155	5.01178e-05	0.00187091	
1.79244	1.20048	4.05152e-05	0.00152544	
1.79406	1.253	4.80707e-05	0.001476	
0.718078	1.58547	7.19868e-05	0.00312206	
1.3284	1.1914	4.28815e-05	0.00142469	
1.74665	1.25239	4.45518e-05	0.00181702	
0.0748119	1.46804	8.89048e-05	0.0024694	
2.04913	1.31654	2.96015e-05	0.00184233	
1.43349	1.3483	0.000103375	0.00197391	
1.00349	1.08593	6.73098e-05	0.00105155	
1.32385	1.43685	1.47603e-06	0.00217872	
1.35661	1.52728	9.39381e-05	0.00180207	
2.06396	1.3131	8.01758e-05	0.00186078	
1.12966	1.39782	8.14144e-05	0.00192439	
1.02498	1.09026	3.03013e-05	0.000784828	
0.991639	1.38936	2.07049e-06	0.00222631	
1.60025	2.01206	7.33165e-05	0.00347857	
2.81203	1.22859	7.63483e-05	0.00179861	
0.0359478	1.60769	3.49411e-05	0.00306837	
0.959968	1.30794	1.97672e-05	0.00183381	
0.775538	1.12559	4.30549e-05	0.00141002	
1.60007	1.17511	2.69835e-05	0.000996261	
1.77302	1.26943	6.31006e-05	0.00126217	
0.920211	1.20534	3.87738e-05	0.00154057	
0.504646	1.20628	1.44357e-06	0.00139157	
1.57819	1.45764	6.54632e-05	0.00258947	
1.46765	1.2386	6.07871e-05	0.00139393	
1.39406	1.37108	2.23291e-05	0.00159063	
1.49037	1.35277	1.40165e-05	0.00181489	
1.77733	1.27271	3.81634e-05	0.00139765	
1.5879	1.26117	3.64333e-05	0.00153733	
0.67839	1.30386	4.20705e-05	0.00145507	
1.10237	1.10665	6.94172e-05	0.00129882	
1.51985	1.44142	4.60934e-05	0.0024418	
1.33763	1.08562	2.91614e-05	0.00140855	
1.38424	1.32701	2.7714e-05	0.00156521	
1.04922	1.13337	4.67455e-05	0.000888232	
1.87698	1.36037	4.11686e-05	0.0018797	
0.572895	1.54391	9.53025e-05	0.00292578	
0.905605	1.27362	0.000103119	0.00205232	
3.8618	1.26737	0.000137809	0.00177559	
2.02199	1.35375	6.32453e-05	0.00220514	
2.66212	1.49291	4.92158e-05	0.00260373	
1.66834	1.29321	4.6239e-05	0.00137729	
1.92175	1.36387	6.48923e-05	0.00146851	
1.19706	1.28349	9.53233e-05	0.00122645	
2.70565	1.3661	8.01755e-05	0.00234067	
1.26379	1.33269	7.44432e-05	0.00163209	
0.606252	1.30521	8.47341e-05	0.00156073	
1.37697	1.02049	4.67427e-05	0.000757242	
0.750802	1.36441	7.91266e-05	0.00202249	
0.394121	1.30267	6.60649e-05	0.00169038	
1.02209	1.2326	0.000109081	0.00139376	
1.92286	1.17485	3.23667e-05	0.0016802	
2.22414	1.27355	1.91721e-06	0.00132599	
0.993234	1.42562	6.39726e-05	0.00148922	
1.80886	1.23514	6.67388e-05	0.00202947	
2.0728	1.28033	4.04612e-05	0.00174682	
4.10936	1.34547	0.000131457	0.00241122	
2.02151	1.21622	7.97772e-05	0.00165571	
0.845923	1.18638	7.8255e-05	0.00126596	
2.31635	0.957163	8.00952e-05	0.000341537	
0.155053	1.30187	7.92162e-06	0.00175648	
1.04915	1.26322	6.59054e-05	0.00132653	
0.0311905	1.43174	3.10235e-05	0.00237598	
1.57379	1.26501	2.00345e-05	0.00122057	
1.52267	1.37196	3.90877e-05	0.00141501	
1.62286	1.16083	6.74477e-05	0.00134368	
0.47802	1.30739	8.1597e-05	0.00185192	
2.78814	1.22357	7.27774e-05	0.00195312	
2.37254	1.28546	8.37188e-05	0.0015903	
1.15732	1.29745	4.65114e-06	0.00146889	
1.73203	1.18799	2.31479e-05	0.00127788	
1.65467	1.25545	6.59754e-05	0.0019456	
1.04718	1.57315	7.0797e-05	0.00229456	
1.88432	1.15054	6.29338e-05	0.00121114	
1.20519	1.54594	1.31422e-05	0.00296508	
1.56407	1.08993	4.66833e-05	0.00146394	
1.1457	1.16733	5.77511e-05	0.00142833	
0.561093	1.18726	4.40855e-05	0.00146823	
1.29128	1.31593	0.000191499	0.00191439	
1.26418	1.24369	5.27905e-05	0.00144457	
1.31789	1.23329	4.30237e-05	0.00152222	
1.11159	1.32586	2.92101e-05	0.00154998	
1.59137	1.20308	4.5171e-05	0.00162188	
2.35859	1.30761	8.9475e-05	0.00206489	
1.60092	1.23561	2.96777e-05	0.00175105	
1.60247	1.12646	2.82939e-05	0.00121176	
0.948213	1.12041	2.71041e-05	0.00118594	
1.30046	1.13575	3.59085e-05	0.00128194	
0.804821	1.25424	3.96688e-05	0.00173061	
1.55005	1.25088	6.1643e-05	0.0015183	
1.63562	1.38163	8.6881e-05	0.00184557	
1.32166	1.2138	4.61835e-05	0.00110039	
1.09265	1.24449	6.05397e-05	0.00166105	
1.68575	1.07985	3.90822e-05	0.0011454	
2.0829	1.48222	5.17084e-05	0.00225974	
1.03423	1.05554	9.51048e-05	0.00114627	
0.925447	1.30012	1.9683e-05	0.00156552	
0.537211	1.3956	5.96552e-05	0.0015304	
2.45802	1.15507	6.46699e-05	0.0009237	
1.09022	1.52817	7.65278e-05	0.00230149	
0.981653	1.17805	6.69516e-05	0.00168614	
1.59725	1.33574	2.6778e-05	0.00224202	
1.16842	1.25194	6.3462e-05	0.00123697	
1.41424	1.44405	6.33221e-05	0.0020705	
0.201281	1.52566	1.22484e-05	0.00261422	
1.01813	1.57507	6.23682e-06	0.00347255	
0.121697	1.36987	0.000100831	0.00191524	
0.0165969	1.29836	5.45902e-05	0.00203815	
2.8196	1.33478	3.0811e-05	0.00214468	
0.0508163	1.30545	4.42517e-05	0.00199198	
0.069483	1.31884	1.13215e-05	0.00177954	
2.34657	1.42117	8.01725e-05	0.00205812	
0.817634	1.15349	4.87153e-05	0.00141706	
2.44171	1.50429	5.02134e-05	0.00221066	
0.938517	1.3234	3.89483e-05	0.00163124	
0.69867	1.21184	4.02393e-05	0.00120441	
1.62367	1.11174	5.43337e-05	0.00102575	
1.7461	1.26657	1.15158e-05	0.00171448	
0.529978	1.29554	2.6998e-05	0.00173481	
2.5737	1.32422	4.25034e-05	0.00204859	
0.202561	1.34829	4.55902e-05	0.00162366	
0.695255	1.08458	5.25848e-05	0.00121099	
0.831707	1.13146	3.57245e-05	0.00139606	
0.30218	1.30994	3.25761e-05	0.001442	
0.340993	1.30494	0.000167205	0.00176447	
1.28437	1.27199	6.12283e-05	0.00168682	
0.725353	1.28236	5.07445e-05	0.00155365	
1.30501	1.39575	5.08136e-05	0.00199703	
1.93699	1.27639	7.93511e-05	0.00182707	
0.412396	1.09192	9.04706e-05	0.00119344	
1.86826	1.32824	3.88123e-05	0.00167813	
2.07503	1.07158	2.9267e-05	0.00118557	
2.0198	1.24172	5.57429e-05	0.00189082	
0.782177	1.34427	2.23724e-05	0.00179138	
1.8742	1.38474	4.16852e-05	0.00187974	
1.51015	1.02412	7.32803e-05	0.000587873	
1.4893	1.25739	8.59425e-05	0.00178874	
4.83416	1.51688	4.90078e-05	0.00283243	
0.901293	1.36991	5.98272e-05	0.00185978	
1.90668	1.31975	6.49233e-05	0.00196449	
2.02891	1.09123	5.87835e-05	0.00118752	
0.802443	1.29148	7.7632e-05	0.00158734	
2.42075	1.73111	7.47816e-07	0.00266348	
1.64576	1.36731	2.04725e-05	0.00179872	
1.54694	1.47467	4.55374e-05	0.00265996	
1.91977	1.29983	3.55564e-05	0.00145249	
0.904308	1.35476	4.16025e-05	0.00172804	
1.05262	0.987757	5.57369e-05	0.000747997	
1.27599	1.17892	5.19438e-06	0.0014268	
0.277757	1.52708	2.43384e-05	0.00257879	
0.860674	1.2629	3.44199e-05	0.0018617	
2.7193	1.59864	1.65843e-06	0.00236082	
0.613673	1.35903	4.4764e-05	0.00145949	
1.39951	1.24249	4.4895e-05	0.00161103	
2.82935	1.442	7.62272e-05	0.00269654	
1.37982	1.70344	7.98723e-05	0.00310201	
0.746934	1.12078	1.62469e-05	0.00135596	
1.44365	1.48351	7.69581e-05	0.00223635	
1.25828	1.41774	7.45196e-05	0.00228052	
0.372348	1.56483	9.18206e-05	0.0033452	
3.11507	1.61762	9.21859e-05	0.00317253	
1.45912	1.39878	6.41337e-05	0.00195552	
0.650494	1.32428	3.34654e-05	0.00130629	
1.88338	1.33035	3.60785e-05	0.00169017	
0.982464	1.27061	2.68806e-05	0.00146854	
1.68917	1.39166	0.000108061	0.00199422	
0.303941	1.33008	8.18128e-05	0.00166594	
1.90389	1.4717	1.38938e-05	0.00235766	
0.933562	1.25397	0.000103625	0.00183657	
0.655465	1.35717	6.29976e-05	0.00218814	
2.02362	1.13612	4.9595e-05	0.00167026	
1.93271	1.13492	4.1187e-05	0.00119083	
1.20833	1.4523	6.67611e-05	0.00240958	
6.43486	1.97028	6.02824e-05	0.00450152	
0.170682	1.47146	4.47167e-05	0.00205051	
1.03133	1.12862	3.99103e-05	0.00129085	
2.29103	1.23847	4.07491e-05	0.00137071	
2.03157	1.43534	1.87412e-05	0.00209308	
0.710473	1.12098	4.7854e-05	0.00125777	
1.59078	1.29714	7.91772e-05	0.00184061	
1.76924	1.24581	6.64186e-05	0.00201324	
1.78208	1.27324	9.63647e-05	0.0017347	
2.50771	1.41132	9.73505e-05	0.00198022	
2.3662	1.49828	6.24619e-06	0.003052	
1.14241	1.34821	7.44918e-05	0.00157886	
0.980614	1.39464	4.17771e-05	0.00172526	
1.09062	1.47081	3.8424e-05	0.00153708	
1.71266	1.19521	7.22146e-05	0.00107007	
0.774662	1.58807	4.53371e-05	0.00229453	
0.957932	1.26545	7.36131e-05	0.00157459	
1.62295	1.39844	4.47816e-05	0.00186847	
1.60835	0.986801	4.76966e-05	0.000711494	
1.70447	1.29653	5.45402e-05	0.00185416	
1.24944	1.37468	3.62899e-05	0.00153846	
1.31789	1.36879	4.32691e-05	0.00175586	
2.58952	1.20156	1.99137e-05	0.00211828	
0.342834	1.24451	6.6865e-05	0.00157152	
1.34904	1.32484	3.64799e-05	0.00165931	
0.513516	1.64209	0.000202428	0.00316573	
1.05445	1.16941	7.34355e-05	0.00138374	
1.65629	1.54978	4.73777e-05	0.00223374	
0.275584	1.28654	3.01803e-05	0.00170093	
2.02158	1.32948	1.61288e-05	0.00140366	
0.107599	1.231	4.39591e-05	0.00154176	
1.6172	1.16376	5.69738e-05	0.00135582	
0.109651	1.44804	0.000102656	0.00259108	
2.92786	1.31444	0.000135991	0.00240983	
1.36212	1.16393	4.28316e-05	0.00140724	
0.77886	1.47499	5.20794e-05	0.00229901	
0.853861	1.46554	5.88956e-05	0.00276579	
1.70739	1.11682	3.9388e-05	0.0014732	
0.840395	1.20481	4.95877e-05	0.00147854	
1.76509	1.13683	4.13179e-05	0.00130822	
0.875396	1.07485	7.04994e-05	0.00102173	
1.4282	1.41945	3.06683e-05	0.00172779	
1.40239	1.16392	6.02807e-05	0.00135381	
1.84462	1.64866	1.33656e-05	0.00339937	
1.10931	1.64766	0.000111828	0.00313067	
4.02784	1.64906	3.18079e-05	0.00309203	
1.56395	1.23443	4.964e-05	0.00209664	
0.38852	1.26549	5.36704e-05	0.00196051	
1.8207	1.10703	3.53104e-05	0.000934643	
1.83154	1.41369	4.56284e-05	0.00202212	
1.22221	1.28855	5.92959e-05	0.00127191	
0.390117	1.13866	7.59639e-05	0.00144433	
1.73169	1.37503	4.3594e-05	0.00140608	
1.43193	1.03679	4.06836e-05	0.00107913	
0.685847	1.25743	3.33029e-05	0.00152593	
0.354389	1.3297	8.24278e-05	0.00247086	
3.42811	1.28053	1.4131e-05	0.00177123	
0.698262	1.32446	3.03416e-05	0.00176322	
0.757853	1.19702	8.20468e-05	0.00116132	
2.01197	1.2926	9.26781e-05	0.00157714	
1.96375	1.28362	4.57833e-05	0.00174824	
1.73879	1.1659	7.73856e-05	0.00144483	
2.25792	1.43974	8.82657e-05	0.00226968	
0.855923	1.25063	6.90151e-05	0.00167058	
0.407704	1.44363	9.94392e-05	0.0026722	
1.40455	1.21645	8.17319e-05	0.00131428	
1.42521	1.24598	6.54789e-05	0.00156646	
1.0794	1.33231	3.14477e-05	0.00171519	
1.14048	1.26652	4.25306e-06	0.00190922	
1.00384	1.3457	5.37669e-05	0.00226029	
1.74752	1.19183	4.00371e-05	0.00151569	
1.00764	1.2422	8.4908e-05	0.00203383	
1.30194	1.43721	5.2029e-05	0.00145737	
0.836553	1.50195	6.04158e-05	0.00194327	
2.75307	1.30085	0.000100976	0.00159975	
1.34413	1.34728	6.73972e-05	0.00212539	
1.96964	1.83911	4.74866e-05	0.00367831	
1.23502	1.35667	9.25238e-05	0.00239607	
2.08712	1.58481	2.34132e-05	0.00257473	
1.09268	1.43389	7.12852e-06	0.00190569	
0.0597688	1.41404	4.00006e-06	0.00172226	
1.14044	1.20989	7.15123e-05	0.00147165	
1.70872	1.76053	0.000106208	0.00372658	
1.96661	1.2858	6.34348e-05	0.00136852	
0.77862	1.22336	9.55546e-05	0.0016333	
0.885853	1.36741	4.89565e-05	0.00249439	
0.926231	1.30267	1.2047e-05	0.00194806	
1.4652	1.21559	5.40267e-05	0.00140528	
0.523803	1.42519	8.26659e-05	0.00198878	
1.01173	1.21715	2.05097e-05	0.00141776	
0.785818	1.23154	4.85689e-05	0.00161226	
0.836673	1.32856	3.21152e-05	0.00143834	
0.769827	1.21129	4.90592e-05	0.00129861	
1.07887	1.48524	2.55713e-05	0.00210736	
1.72911	1.24664	1.3116e-05	0.00179375	
1.22025	1.42506	3.18594e-05	0.00166018	
1.49616	1.3209	2.16127e-05	0.00189781	
0.278111	1.37388	6.44722e-05	0.00193096	
1.06924	1.39234	2.64248e-05	0.00225352	
2.02036	1.19175	6.38426e-05	0.00113363	
2.1392	1.38915	4.28274e-05	0.00183975	
0.862315	1.50174	8.63601e-05	0.00213657	
1.34555	1.37979	9.0088e-06	0.00223545	
0.817892	1.04714	2.15616e-05	0.000822488	
1.0158	1.23819	4.5824e-05	0.00161218	
0.963347	1.13669	4.05048e-05	0.00114352	
1.13801	1.22079	8.38121e-05	0.00147434	
0.153112	1.34945	1.59188e-05	0.00189555	
0.586863	1.38754	5.28939e-05	0.00199665	
1.29902	1.34518	6.06026e-05	0.0016605	
0.152775	1.26012	4.31297e-06	0.00161427	
0.546991	1.16752	8.88335e-05	0.00146539	
0.759848	1.52849	4.47045e-05	0.00259023	
1.28478	1.35413	0.000116536	0.00220686	
2.25949	1.48406	2.50393e-05	0.00187005	
1.38427	1.33713	4.08735e-05	0.00155657	
0.977379	1.34412	7.41808e-05	0.00148971	
1.231	1.25011	6.17353e-05	0.00149374	
0.156033	1.53056	7.85769e-05	0.00220906	
0.719508	1.19363	4.09222e-05	0.00127766	
1.48178	1.1275	6.83356e-05	0.00107707	
1.9007	1.28144	3.00128e-05	0.00136705	
3.53561	1.55145	9.04686e-05	0.00255236	
0.580613	1.29118	5.77516e-05	0.00130839	
2.30625	2.02544	0.000195292	0.00369316	
0.80203	1.10949	3.63853e-05	0.00126018	
0.97556	1.13006	4.81749e-05	0.00110253	
0.840909	1.03686	5.00316e-05	0.000858126	
1.69525	1.12981	4.90231e-05	0.00168093	
0.454121	1.15773	3.13915e-05	0.00117142	
0.658803	1.2957	3.30491e-05	0.00122434	
0.911589	1.36388	5.5502e-05	0.00141562	
1.19251	1.27099	5.86198e-05	0.00145281	
0.729008	1.40772	3.03163e-05	0.00170195	
1.09664	1.47349	7.60122e-05	0.00206161	
1.63655	1.33209	4.40924e-05	0.00186466	
2.17162	1.29088	7.26612e-05	0.00121678	
1.86762	1.09422	8.1162e-05	0.00117916	
2.70629	1.31123	1.24816e-05	0.00183784	
1.23165	1.22997	5.6538e-05	0.000906703	
3.01456	1.62082	6.98394e-06	0.00353713	
0.858321	1.18552	2.47065e-05	0.00107888	
1.05048	1.1942	3.15897e-05	0.00135761	
1.0704	1.35236	6.16215e-05	0.00180598	
1.20626	1.02956	5.00398e-05	0.00077994	
2.07354	1.48149	4.71883e-05	0.00296512	
1.23709	1.3849	4.88513e-05	0.00237216	
1.21376	1.11366	3.53622e-05	0.00100596	
1.90142	1.2745	8.8266e-05	0.00222696	
0.689532	1.29403	4.75686e-05	0.00141175	
1.29482	1.30153	4.24537e-05	0.00195046	
0.77322	1.1209	7.99997e-05	0.00125917	
0.590811	1.14428	8.8338e-05	0.00114075	
1.68754	1.24852	4.95415e-05	0.0017399	
0.592975	1.3378	4.33175e-05	0.00162988	
2.32824	1.20401	3.41545e-05	0.00169748	
0.726008	1.2592	5.62599e-05	0.00129067	
1.31759	1.34069	4.09885e-05	0.00148694	
1.3341	1.18484	5.56541e-05	0.00149324	
1.33945	1.40328	3.98374e-05	0.00148881	
1.6203	1.32384	5.42291e-05	0.00203562	
1.55042	1.87171	0.000113422	0.00500599	
0.468838	1.21011	3.31053e-05	0.00139612	
2.65112	1.7398	3.57452e-05	0.00374204	
3.09934	1.95222	6.35999e-05	0.0043969	
1.48136	1.15015	3.76836e-05	0.00131976	
1.03387	1.22611	7.98426e-05	0.00161851	
1.26648	1.23346	4.34939e-05	0.00103831	
1.39871	1.43938	4.80676e-05	0.0015575	
1.31944	1.17252	6.15202e-05	0.0015161	
1.29394	1.04672	7.64175e-05	0.000705292	
3.75031	1.31976	0.00022262	0.00243961	
1.51517	1.27579	3.66625e-05	0.00167812	
1.05791	1.15208	7.78054e-05	0.00132789	
1.84884	1.2048	4.54563e-05	0.00153417	
1.7249	1.39624	5.24935e-05	0.0018382	
1.89361	1.42623	9.78854e-05	0.00217778	
2.37603	1.34078	0.000102192	0.00183585	
1.37556	1.15769	3.55308e-05	0.00147758	
1.30468	1.31162	0.000119041	0.00197847	
1.34947	1.2878	3.93767e-05	0.00127009	
0.839252	1.10529	4.14548e-05	0.00127132	
1.07174	1.30938	2.82254e-05	0.00175001	
1.4221	1.18728	7.38732e-05	0.00133337	
0.671593	1.34238	3.47871e-05	0.00164326	
1.56233	1.32066	7.01609e-05	0.00161196	
0.995395	1.14826	4.30385e-05	0.00118195	
0.541457	1.41837	4.63908e-05	0.00266947	
1.59125	1.3835	5.40862e-05	0.00196844	
1.18575	1.48682	4.97787e-06	0.00198628	
0.217148	1.27809	7.87712e-05	0.00153713	
4.22055	1.35584	4.84441e-06	0.00216736	
0.643638	1.44219	4.71306e-05	0.00174837	
0.376961	1.37647	4.96351e-05	0.00158236	
0.860577	1.18818	7.56199e-05	0.00117007	
1.51815	1.48666	6.06963e-05	0.00170492	
1.88542	2.0692	0.000170406	0.00533551	
0.000618279	1.2611	3.08333e-05	0.00159079	
2.32412	1.45836	0.000129053	0.00266703	
2.2376	0.916679	3.0947e-05	0.000522485	
1.52268	1.2569	4.03892e-05	0.0016066	
1.74162	1.23888	4.8964e-05	0.00138254	
1.01661	1.0991	5.38117e-05	0.000798669	
1.62814	1.16631	7.21559e-05	0.00135751	
1.48151	1.23835	8.05683e-05	0.00164429	
1.93794	1.1541	6.35789e-05	0.00134812	
0.174292	1.26123	5.20337e-05	0.0015609	
1.41138	1.23569	3.3394e-05	0.00164628	
1.26806	1.33132	2.79619e-05	0.00170214	
0.151543	1.13884	7.26135e-05	0.00119985	
1.26797	1.23731	8.13662e-05	0.00174156	
2.29163	1.12968	4.11201e-05	0.00137533	
1.51631	1.29753	5.34387e-05	0.0013844	
1.09265	1.26175	2.86126e-05	0.00137632	
1.20454	1.23754	4.21617e-05	0.00132963	
0.794698	1.20566	7.06968e-05	0.00143731	
1.82941	1.2478	8.8243e-05	0.0016815	
0.742274	1.25894	5.27913e-05	0.00143148	
1.10741	1.17414	2.94719e-05	0.00181141	
0.664308	1.34213	3.40506e-05	0.00207423	
2.16365	1.18486	2.34113e-05	0.00138954	
0.0990033	1.34609	7.2191e-05	0.00171995	
1.50034	1.34529	3.01189e-05	0.00181444	
2.13387	1.26833	8.42543e-05	0.00193979	
1.52185	1.22909	3.03352e-05	0.00175947	
3.06731	1.33724	8.70728e-05	0.00251094	
1.44687	1.28923	9.3803e-06	0.00186494	
1.32881	1.2622	4.06619e-05	0.00135952	
1.21408	1.15608	8.62257e-05	0.00154649	
0.902274	1.44561	1.71234e-05	0.00252612	
1.55486	1.23262	3.20092e-05	0.0010959	
1.21519	1.17079	5.02718e-05	0.00123976	
1.64489	1.18984	4.22566e-05	0.00155074	
1.18146	1.5205	8.76779e-05	0.00278321	
1.27813	1.27672	4.95722e-05	0.00163012	
0.975525	1.48973	8.39882e-05	0.00217382	
0.953915	1.35343	3.61429e-05	0.00175687	
0.84653	1.06964	7.66884e-05	0.00093458	
1.61265	1.12507	8.14037e-05	0.0016442	
0.210092	1.39051	4.94193e-05	0.00193833	
0.655006	1.27534	2.91175e-05	0.00202493	
0.969445	1.13509	4.957e-05	0.00118897	
1.3991	1.43952	4.69053e-05	0.00149298	
1.42093	1.28283	3.90903e-05	0.00142795	
1.5476	1.2964	3.61015e-05	0.00170939	
0.125218	1.16963	2.92072e-05	0.0012579	
0.581383	1.50943	0.00012375	0.00264151	
1.16449	1.19369	6.22425e-05	0.00141548	
1.35667	1.14121	6.27994e-05	0.00132297	
1.41817	1.48917	6.3798e-05	0.00206785	
0.829735	1.24518	7.89441e-05	0.00161508	
0.972205	1.19159	0.000100843	0.00146685	
1.10726	1.07639	4.90624e-05	0.00136723	
0.933018	1.31864	5.27325e-05	0.00150427	
1.32871	1.14033	1.94629e-05	0.00155381	
1.50952	1.1681	4.55587e-05	0.00111794	
1.65242	1.12258	3.78763e-05	0.00112467	
1.47312	0.993422	2.91449e-05	0.000870597	
1.12446	1.13253	3.78546e-05	0.000963021	
0.756983	1.23729	7.82575e-05	0.00173776	
1.55562	1.30064	6.1311e-05	0.00149694	
0.520866	1.2831	5.14393e-05	0.00233883	
0.93159	1.28472	4.31424e-05	0.00181794	
1.63286	1.13614	5.27252e-05	0.00113829	
1.11839	1.2437	4.11534e-05	0.00146462	
1.23027	1.22929	6.72492e-05	0.00177369	
2.26498	1.68282	6.21358e-05	0.00265704	
1.7228	1.23742	7.22162e-05	0.00148896	
0.491097	1.24737	7.0208e-05	0.00165042	
1.92481	1.09771	3.24561e-05	0.00120735	
2.7855	1.51334	2.75305e-05	0.00284662	
1.54378	1.20618	6.07324e-05	0.00115	
0.602932	1.42131	9.40976e-05	0.00268527	
0.623203	1.49677	6.68744e-05	0.00220998	
1.54741	1.13931	7.18538e-05	0.00122445	
1.10834	1.17147	4.17183e-05	0.00141755	
0.0227459	1.6666	4.05757e-05	0.00273452	
1.21086	1.30751	9.27754e-05	0.00154266	
2.43032	1.49454	6.53935e-05	0.00267015	
0.563806	1.20459	3.15562e-05	0.00147726	
1.6195	1.15087	1.26678e-05	0.00122944	
1.39873	1.1244	9.84468e-06	0.00130985	
0.712349	1.10341	3.95409e-05	0.00138909	
1.61181	1.37793	7.22518e-05	0.00268894	
1.18956	1.35389	4.84112e-05	0.00216162	
2.44591	1.55342	3.74807e-05	0.00293527	
0.836494	1.08362	6.2388e-05	0.0011602	
1.22359	1.2011	3.70947e-05	0.00128009	
1.53128	1.41269	4.77474e-05	0.00196116	
0.588659	1.47833	4.02518e-05	0.00202267	
2.10257	1.11741	4.61123e-05	0.00101908	
1.16114	1.27382	1.8274e-05	0.00186866	
1.37974	1.21241	7.06819e-05	0.00140216	
2.36468	1.39491	8.4627e-05	0.0024738	
0.51744	1.23063	4.10517e-05	0.00173519	
0.223704	1.23811	5.63077e-05	0.00153949	
1.23384	1.17666	6.05765e-05	0.00139295	
4.27909	1.63204	0.000113168	0.00346513	
0.221192	1.42013	6.46746e-05	0.00239033	
1.02357	1.14917	4.85061e-05	0.00141925	
1.55976	1.47861	2.41712e-05	0.00183568	
1.61743	1.27247	5.6787e-05	0.00184189	
2.51387	1.22598	3.50035e-05	0.0011985	
3.68383	1.48148	9.82339e-05	0.00242979	
2.21097	1.41838	0.00010329	0.00193336	
1.25036	1.01269	4.88131e-05	0.00087834	
1.94776	1.96016	1.9892e-05	0.0039643	
1.21939	1.13961	0.00010177	0.00130993	
1.59384	1.01213	5.34746e-05	0.000719727	
3.07425	1.50363	7.18907e-06	0.00274653	
1.5858	1.22533	5.91567e-05	0.00140368	
1.23012	1.25424	4.4096e-05	0.00119715	
1.38652	1.39853	4.55713e-05	0.00181697	
1.23475	1.28784	4.93316e-05	0.00128217	
0.61981	1.18497	2.24788e-05	0.00166503	
0.915119	1.37104	5.88221e-05	0.00182951	
2.4369	1.40968	8.43256e-07	0.00226992	
1.13698	1.12356	7.47366e-05	0.00117458	
0.391764	1.57897	6.30404e-05	0.00349089	
1.24495	1.17369	9.8706e-05	0.00142824	
2.75331	1.51102	5.50965e-05	0.00256297	
1.43442	1.09588	4.08563e-05	0.000965189	
2.4163	1.12375	6.1735e-05	0.000924042	
1.4821	1.2998	5.66884e-05	0.00148259	
1.08455	1.19806	4.75894e-05	0.00174733	
0.0830179	1.35641	4.03303e-05	0.00218494	
1.44168	1.41671	1.41788e-05	0.00178988	
0.508687	1.37762	1.6032e-05	0.00228558	
0.355484	1.46161	6.2468e-05	0.00200646	
0.34451	1.30496	3.12201e-05	0.00179603	
1.4745	1.06292	3.75339e-05	0.00120389	
0.908569	1.13202	9.38329e-06	0.00156325	
1.56067	1.33737	2.47445e-05	0.00165261	
1.78037	1.32354	7.89345e-06	0.00150724	
1.03337	1.17524	6.34454e-05	0.00102793	
1.40945	1.3504	5.8868e-05	0.00204927	
1.37657	1.30651	5.07358e-05	0.00154588	
1.0298	1.54024	2.30843e-05	0.00211997	
1.44492	1.38766	4.82604e-05	0.00145702	
0.441472	1.13299	2.9985e-05	0.00129268	
0.529166	1.29198	4.71858e-05	0.00178739	
1.25487	1.23769	3.06881e-05	0.00177446	
0.823915	1.05664	5.42853e-05	0.0011034	
1.63672	1.21257	5.644e-05	0.00119484	
0.500671	1.15454	6.73786e-05	0.00131751	
0.980192	1.41268	7.16612e-05	0.00181824	
0.779067	1.277	8.97631e-05	0.00139307	
1.13751	1.45376	3.28986e-07	0.00269607	
1.47876	1.4076	7.01291e-05	0.00206573	
0.310769	1.84509	8.12311e-06	0.00343746	
0.698617	1.18447	6.37537e-05	0.00155222	
1.19395	1.13986	7.12005e-05	0.00109472	
1.21998	1.10754	6.65071e-05	0.00137576	
0.0988421	1.21205	3.81618e-05	0.00109179	
0.371057	1.81781	0.000256691	0.00441572	
1.86122	1.47294	7.2693e-05	0.00235481	
1.49528	1.04926	6.18791e-05	0.00112149	
2.7324	1.38993	6.16739e-05	0.00177268	
