1.95152	1.67373	7.51576e-05	-6.82661	0.0159061	0.0398602	0.145801	0.0982869	0.0559966	0.386785	-0.225972	-0.0112639	0.0183139	0.00989693	0.0631195	-0.00543932	0.225218	
0.840239	1.47902	7.98176e-05	-7.27938	0.000656085	0.00855234	0.19926	0.135737	0.00919269	0.100521	0.0535223	-0.0147096	0.0375162	0.0215129	0.0956931	-0.00485415	0.0597067	
1.69213	1.60602	8.79179e-06	-6.67909	0.0158386	-0.203009	0.0519154	0.164593	0.0490522	0.401555	-0.0495789	-0.00981173	0.0490381	0.00580869	0.148885	-0.0274825	0.0763242	
0.392116	1.76394	3.09403e-07	-6.49744	0.0146006	-0.0385591	0.0944	0.119604	0.00726458	0.015073	-0.0463161	-0.000153776	0.0850922	0.00754061	0.0790551	-0.0151019	0.0506078	
2.00746	1.39181	4.10005e-05	-6.82638	0.0146006	-0.10106	0.0190413	0.0582366	0.0585814	0.327299	-0.343969	-0.00225341	0.0675582	0.0156597	0.0863928	-0.00251036	0.126192	
1.57694	1.59431	1.88387e-05	-6.02304	0.0128081	-0.128919	0.153404	0.0275858	0.0584916	0.305215	-0.324119	-0.00219173	0.0969873	0.00412109	0.0840485	-0.0132969	0.0780453	
1.03323	1.51475	3.75743e-05	-6.01297	0.00801043	-0.0382163	0.0511852	0.0868228	0.042808	1.04949	-0.308011	-0.0080581	0.0322517	0.0121803	0.0573734	-0.0106138	0.0537419	
0.506477	1.71383	3.15357e-05	-6.46993	0.0041175	-0.0954699	0.121882	0.114282	0.0125666	0.00579175	-0.112615	-0.00445909	0.0760657	0.00936465	0.0854152	-0.00441623	0.0896341	
1.12204	1.25014	5.46932e-05	-6.90682	0.0140041	-0.10093	0.131339	0.165063	0.0626298	0.478047	-0.268903	-0.00683505	0.045335	0.00758631	0.0649188	-0.0107755	0.0901856	
1.41151	1.15198	5.5682e-05	-7.2261	0.0101131	-0.0997259	0.0813301	0.108962	0.0540609	1.20208	-0.347475	-0.010235	0.0482794	0.010313	0.0966898	-0.0115425	0.0934438	
1.79327	1.5333	2.01008e-05	-6.75721	0.00493157	-0.18393	0.095939	0.0739417	0.0361123	0.660762	-0.175649	-0.00229773	0.0419465	0.00958768	0.12471	-0.0112365	0.079421	
1.12578	1.33047	4.27872e-05	-7.28068	0.0119907	-0.0486077	0.0869431	0.128783	0.0109614	0.463283	-0.158057	-0.00548615	0.0785911	0.0113862	0.0882832	-0.0120634	0.114384	
0.509746	1.29629	7.70924e-05	-6.89399	0.0116681	-0.113241	0.102659	0.109044	0.0346564	0.75203	-0.243409	-0.0113108	0.0369766	0.00736568	0.0784336	-0.00983116	0.128186	
0.776995	1.37334	8.29099e-05	-6.26954	0.0101326	-0.151431	-0.0306736	0.159935	-0.00216109	0.84458	-0.342162	-0.0106567	0.0906355	0.00293494	0.105558	-0.00855663	0.0582187	
1.62177	1.22863	4.24267e-05	-7.32392	0.0106016	-0.0914849	0.0689485	0.131586	0.0550231	0.997558	-0.380156	-0.0013707	0.0454819	0.0139929	0.101778	-0.0129144	0.116222	
2.32157	1.5781	5.17571e-05	-6.97485	0.0157037	-0.0915183	0.0610184	0.0890177	0.0555477	0.544685	-0.0959719	-0.0119618	0.0633817	0.00627929	0.131801	-0.0156178	0.0911487	
0.488714	1.62893	5.13783e-05	-8.15142	0.0126172	-0.142063	0.136317	0.0351485	0.0232058	0.584649	0.022944	-0.0152478	0.0993972	0.0136258	0.150975	-0.0140563	0.149784	
0.841906	1.31399	5.02215e-05	-6.10201	0.00645186	-0.0216453	0.130877	0.0598007	0.0478222	0.307267	-0.313695	-0.011367	0.057616	0.00633238	0.055882	-0.0177408	0.160748	
1.30756	1.2509	6.43389e-05	-6.80033	0.00771067	-0.13304	0.0878352	0.0822786	0.042946	1.01588	-0.3146	-0.0132942	0.0644737	0.0105092	0.090972	-0.0106861	0.0754129	
0.695463	1.89204	4.63976e-05	-5.86962	0.0137109	-0.150385	0.149971	0.141311	0.0337385	0.32523	-0.147096	-0.00540519	0.0665083	0.0122216	0.0282257	-0.0135806	0.0419902	
1.36018	0.915854	8.19854e-05	-8.91927	0.00787036	-0.134774	0.11357	0.0120942	0.0405961	1.46874	-0.265968	-0.00971881	0.0452368	0.00854655	0.0966559	-0.00776478	0.131932	
0.545297	1.83216	4.66959e-06	-6.84424	0.00679184	0.038204	0.211529	0.0157625	0.0120226	0.361695	-0.231445	0.00208316	0.0666508	0.0122719	0.135623	-0.00363821	0.191965	
2.19748	1.41667	4.20939e-05	-8.19651	0.0111583	-0.158206	0.0845074	0.067226	0.0639794	0.214431	-0.120551	-0.00872849	0.0907764	0.00794325	0.125446	-0.00671172	0.247333	
1.82096	1.9694	2.15063e-05	-7.27879	0.000931765	0.0740477	0.0913816	0.06339	-0.00226365	0.523044	0.177202	-0.0143515	0.0927805	-0.0231813	0.00509409	-0.0144612	0.2683	
2.32824	1.61545	8.93842e-05	-7.40656	0.0142626	-0.148004	0.101297	0.0869174	0.0297675	0.277545	-0.00176966	-0.0171304	0.0546287	0.00836087	0.150595	-0.00781664	0.120245	
1.05015	1.05163	6.03102e-05	-8.0881	0.00924044	-0.099827	0.0668706	0.101118	0.0523142	1.233	-0.291024	-0.0115606	0.069449	0.0117585	0.0671712	-0.00889371	0.132325	
1.42808	1.47569	4.72874e-05	-6.80729	0.0081082	-0.109452	0.100349	0.0964166	0.0736372	0.752613	-0.345079	-0.00861351	0.0539078	0.00957917	0.127798	-0.00728069	0.114022	
1.42123	1.37769	4.35391e-05	-7.49307	0.0131754	-0.112131	0.0932867	0.119532	0.0373177	0.964998	-0.210008	-0.0072369	0.0420025	0.0175565	0.129302	-0.00709866	0.133063	
0.100002	1.5724	6.00625e-05	-6.9888	0.00652008	-0.0424533	0.0537796	0.0500622	0.0549248	0.0126545	-0.165968	-0.00213709	0.0659679	0.00630674	0.135472	-0.0116715	0.120988	
2.99868	2.05379	4.10554e-05	-8.5954	-0.00743249	-0.0192001	0.0317792	0.0296182	-0.0658865	-0.115166	-0.0754674	0.00702793	0.251241	0.0172869	0.46813	-0.0211838	0.0882616	
0.353324	1.47857	6.15689e-05	-7.15394	0.0145572	-0.0435413	0.0465788	0.0697586	0.0400395	0.726218	-0.121946	-0.0171275	0.073835	0.00998966	0.0272602	-0.00949008	0.172532	
0.483731	1.62739	5.5281e-05	-7.78642	0.00929079	-0.0182281	0.151878	0.0275117	0.0415057	0.592381	-0.252545	-0.00170834	0.0902001	0.0225752	0.17419	-0.00575932	0.205909	
1.00345	1.10391	3.064e-05	-7.16623	0.00944802	-0.0713907	0.0373329	0.153231	0.0633329	0.618357	-0.345019	-0.0136717	0.0317879	0.00895362	0.0675128	-0.0126699	0.132566	
0.999226	1.38621	0.000118432	-9.05598	-0.0080105	0.0424669	-0.101093	-0.013353	-0.0353904	0.926169	-0.0486257	0.000674303	0.150358	0.00188546	0.272455	-0.0159932	0.223866	
1.15324	1.2825	2.55925e-06	-7.0184	0.0117008	-0.135344	0.16731	0.145226	0.000156462	0.173849	-0.0261031	-0.00876864	0.0384631	0.0178564	0.0689952	-0.00580571	0.0213197	
1.60952	1.58242	5.44719e-05	-6.99138	0.0104255	-0.0763696	0.0412753	0.115642	0.0286259	0.282161	-0.1321	-0.00956262	0.0499449	0.012548	0.133002	-0.0101521	0.105386	
0.0314957	1.34758	1.29678e-05	-6.03639	0.0149317	-0.020556	0.101609	0.0979493	0.0275778	0.693019	-0.316337	-0.00958768	0.0775366	0.017437	0.0707605	-0.0202312	0.0707625	
2.00138	1.8995	5.81639e-05	-6.65631	0.0118294	-0.196496	0.0902878	0.0392424	0.0474114	0.515835	-0.191403	-0.00150742	0.0609749	0.00923933	0.0670901	4.89215e-07	0.135278	
1.10925	1.32352	6.21778e-05	-7.66467	0.0141611	-0.113865	0.0437219	0.0666932	0.0508739	1.12919	-0.254338	-0.0112771	0.0528781	0.0151192	0.0963916	-0.00729834	0.136155	
1.60967	1.20057	3.90413e-05	-7.36712	0.0122026	-0.152883	0.0696117	0.129145	0.0607459	0.367707	-0.247398	-0.0149341	0.0763749	0.01107	0.106677	-0.00659205	0.108313	
0.924273	1.32484	6.49379e-05	-7.36312	0.00695842	-0.119884	0.108948	0.112797	0.0376862	1.3898	-0.420369	-0.00749863	0.0740508	0.0108532	0.107213	-0.00951682	0.128636	
1.53615	1.27286	4.20768e-05	-7.71086	0.011673	-0.10439	0.0332565	0.0597435	0.0562614	0.53302	-0.123431	-0.0145574	0.0806248	0.0123611	0.140436	-0.0101687	0.0799546	
0.940446	1.1781	4.86251e-05	-8.48025	0.010524	-0.143006	0.0971951	0.125715	0.0736758	0.433836	-0.217694	-0.00400054	0.0263819	0.0146897	0.195979	-0.017181	0.160748	
2.07501	2.22221	4.69605e-05	-6.28801	0.0047221	0.0610838	0.0222728	0.106102	-0.0193054	0.364777	-0.138859	0.00623432	-0.000303438	0.0077142	0.0550927	8.49513e-05	0.158353	
0.563922	1.47327	5.9225e-05	-6.80508	0.0156137	-0.0870472	0.118925	0.146584	0.0195232	0.480251	-0.0952137	-0.0119911	0.0856424	0.00429666	0.0598155	-0.0129927	0.136543	
2.17162	1.6235	4.99503e-05	-6.67008	0.00906117	-0.094852	0.0407691	0.107737	0.0465618	0.560003	-0.25654	-0.0134152	0.0457925	0.0103311	0.127856	-0.005354	0.0994765	
2.16079	1.31712	2.57475e-05	-6.888	0.0092454	-0.122952	0.0369505	0.119251	0.0916366	0.913971	-0.325613	-0.0142283	0.0748104	0.0104896	0.091031	-0.0154901	0.0780263	
1.39799	1.27315	5.50221e-05	-6.11095	0.0112017	-0.0799341	0.0897467	0.0282395	0.039244	0.72333	-0.255976	-0.0135105	0.034532	0.00937256	0.0783918	-0.011708	0.0930901	
1.90918	1.3367	3.04711e-05	-7.23185	0.0109292	-0.130663	0.179708	0.142351	0.0357049	0.619917	-0.325407	-0.00559638	0.0926605	0.00972686	0.147355	-0.00526756	0.122201	
2.24703	1.33462	4.26727e-05	-6.84194	0.00878199	-0.135647	0.00205982	0.0191639	0.0222995	0.605682	-0.282337	-0.00456696	0.090997	0.0107227	0.177195	-0.00907844	-0.000867459	
1.51873	1.24751	3.3817e-05	-6.79486	0.0174131	-0.0831096	0.0249179	0.12167	0.0638059	0.180937	-0.30692	-0.00398897	0.0862789	0.0104461	0.0635597	-0.0126131	0.0665278	
1.53759	1.31109	5.26591e-05	-6.9714	0.00531712	-0.0912814	0.0935175	0.107065	0.0586136	1.17142	-0.323468	-0.00721091	0.0481528	0.00762623	0.110998	-0.0106026	0.0882884	
1.86083	1.35636	5.48123e-05	-6.31427	0.00974161	-0.156868	0.11066	0.0754964	0.0496758	0.528467	-0.386085	-0.00448874	0.0645054	0.0129685	0.0931497	-0.0132141	0.159446	
0.934019	1.94745	5.85707e-05	-7.94555	0.00376505	-0.105626	0.00966166	0.134627	0.0120199	0.694756	-0.164582	-0.00179076	0.030696	0.0203107	0.195438	-0.00554567	0.246621	
0.70976	1.48523	4.76965e-05	-7.26681	0.0146245	-0.0515526	0.133734	0.131022	0.0448989	0.435101	-0.153273	-0.00684956	0.0613407	0.014395	0.0966594	-0.0118737	0.118407	
1.41223	1.48451	3.04584e-05	-6.74271	0.011519	-0.114407	0.0927859	0.128146	0.0424096	0.685299	-0.313024	-0.0105782	0.076866	0.00701857	0.131079	-0.0106047	0.10405	
1.5103	1.49332	5.10371e-05	-7.14816	0.0109159	-0.105731	0.17415	0.137716	0.0609761	0.685449	-0.211665	-0.00759273	0.0880959	0.00529236	0.0818056	-0.00821577	0.0748079	
1.17233	1.25058	8.57792e-07	-7.05578	-0.00269833	-0.0083846	0.0800311	0.0992825	0.0556173	0.562064	-0.248655	-0.00803523	0.0954604	0.0108965	0.0167252	-0.00828227	0.121726	
0.462395	1.48561	3.30638e-05	-6.67338	0.00539576	-0.153893	0.170546	0.0832452	0.0327035	0.273776	-0.216792	-0.00771693	0.0744836	0.00861082	0.168226	-0.00958282	0.0447126	
1.05897	1.09677	1.08931e-05	-7.35745	0.0105477	-0.108317	0.15693	0.0688625	0.0855367	0.698331	-0.250634	-0.0078902	0.0840647	0.00933398	0.085105	-0.014391	0.071039	
1.11466	1.26829	3.89077e-05	-6.68113	0.00969176	-0.107186	0.0853223	0.122221	0.0405919	0.751613	-0.221287	-0.00307488	0.0518061	0.0111491	0.0394305	-0.00916824	0.0745037	
1.42441	1.49146	1.09454e-05	-6.71042	0.0173158	-0.116927	0.124363	0.0522658	0.0509645	0.285319	-0.20848	-0.00311652	0.0398401	0.0146216	0.0989336	-0.0171103	0.169448	
1.27834	1.61612	5.99928e-05	-6.68981	0.00801583	-0.0956211	0.136203	0.116005	0.0962384	0.656676	-0.201345	-0.0102404	0.0499267	0.0154403	0.0627022	-0.0200903	0.13342	
1.04988	1.68255	4.37459e-05	-6.14942	0.012116	-0.121491	0.201454	0.0969842	0.0363366	0.692498	-0.232663	-0.0140921	0.0720994	0.0145938	0.101378	-0.0100445	0.0414664	
1.52925	1.38697	4.84899e-05	-6.86876	0.00967461	-0.0997551	0.100722	0.0870148	0.0576416	0.843042	-0.309229	-0.00385342	0.0645831	0.00624533	0.104026	-0.0124442	0.0616301	
1.47887	1.79215	1.84589e-05	-7.13871	0.00533037	-0.099011	0.0776547	0.0970286	0.078544	0.660223	-0.0692699	-0.014275	0.0711021	0.00614524	0.0713784	-0.00989594	0.108735	
1.72806	1.45199	7.02373e-05	-6.56942	0.0104222	-0.0621008	0.171115	0.106911	0.035177	0.308265	-0.235406	-0.0136692	0.099708	0.0105657	0.0949469	-0.0126429	0.0829012	
1.19397	1.24097	4.20498e-05	-7.22233	0.00855774	-0.0894998	0.128601	0.0830707	0.0275783	1.22189	-0.32302	-0.00976358	0.0583806	0.0102151	0.116977	-0.0133763	0.0857967	
1.16488	1.79532	6.83669e-05	-7.39738	0.00170824	-0.104136	0.0974017	0.171242	0.039407	0.211258	-0.048436	-0.00900203	0.0481526	0.0128113	0.0945164	-0.00734549	0.190275	
1.07162	1.19827	5.17267e-05	-6.69069	0.00683237	-0.118652	0.127775	0.104822	0.0270497	1.12924	-0.458458	-0.00939256	0.0630653	0.0107398	0.0592789	-0.0113935	0.13016	
2.02032	2.02453	3.24405e-05	-6.26468	0.0147124	-0.0306151	0.0372282	0.163807	0.0237904	0.683159	-0.0360598	-0.00487244	0.0318939	0.00319761	0.0201944	-0.0142674	0.0851178	
1.66717	1.37999	4.67981e-05	-6.46272	0.0102007	-0.117131	0.0616098	0.134281	0.0238302	0.4365	-0.211485	-0.00454383	0.0647777	0.0106779	0.0418343	-0.0110819	0.0731863	
0.17902	1.69862	2.34768e-05	-6.90551	0.0205739	-0.0527893	0.0171296	0.231906	0.0301219	0.515661	-0.103562	-0.0105041	0.0485705	0.00947435	0.0183836	-0.0130573	0.118039	
0.114154	1.28489	3.32302e-05	-6.99523	0.00563443	-0.100832	0.0910193	0.153172	0.0149729	0.479271	-0.287158	-0.00684596	0.0794382	0.00723722	0.146116	-0.0129218	0.0972737	
1.50214	1.73061	5.28228e-05	-6.27096	0.0111187	-0.0769468	0.143846	0.0479119	0.0366953	0.395294	-0.263382	-0.00687216	0.0535831	0.0107544	0.135454	-0.0102414	0.0581403	
0.52894	1.40937	4.79733e-05	-7.4127	0.0178541	-0.0969189	0.172333	0.0955198	0.0366319	0.741879	-0.156057	-0.0118607	0.0915776	0.00718652	0.0870336	-0.0134117	0.176347	
1.22625	2.05767	4.30091e-05	-8.37039	-0.00305735	-0.0760966	-0.0447021	0.0862163	0.0193936	0.446266	-0.0664698	0.00380167	0.0708072	0.014906	0.195084	-0.00298292	0.27247	
1.41914	1.31916	5.92717e-05	-8.06278	0.013962	-0.130703	0.0757729	0.0830278	0.0359277	0.77739	-0.11907	-0.0113126	0.0723214	0.010821	0.090722	-0.00448306	0.114747	
1.63366	1.49628	4.04059e-05	-7.21877	0.0181328	-0.108332	0.153296	0.106935	0.0287183	0.463197	-0.0710626	-0.00493825	0.0717783	0.00955997	0.0384274	-0.011863	0.101881	
0.224717	1.63023	3.16224e-05	-6.3731	0.0173646	-0.0849595	0.0338747	0.094351	0.0295403	0.332109	-0.133322	-0.00726647	0.0662281	0.00352374	0.0505524	-0.0109795	0.122028	
1.16817	1.80192	5.33118e-05	-6.80526	0.0188843	-0.0525376	0.140824	0.0550875	-0.064532	0.558836	0.0311291	-0.0165113	0.0497748	0.0123127	0.132005	-0.00638497	0.0988032	
1.96941	1.30074	6.56327e-05	-7.11827	0.00893239	-0.135816	0.113303	0.107627	0.0551763	0.572487	-0.200757	-0.00996486	0.0402596	0.010116	0.091549	-0.0126215	0.127727	
2.28703	1.96003	3.01259e-05	-4.69334	0.011643	-0.110382	0.146716	0.0843591	-0.0109908	0.13418	-0.123116	-0.00586775	0.0687571	0.00507321	-0.00464959	-0.00807868	-0.0161789	
0.170102	1.54811	2.25138e-06	-8.13427	0.0139351	-0.295876	0.105408	0.00930412	0.066311	0.127694	-0.193729	-0.00858917	0.112506	0.00832625	0.189058	-0.00590286	0.261555	
0.584058	1.13027	3.07603e-05	-6.81988	0.0122875	-0.0688466	0.136407	0.11341	0.0705196	0.816989	-0.394293	-0.0121825	0.0792955	0.00152277	0.0416748	-0.0118581	0.0668436	
1.40699	1.22753	6.29382e-05	-6.46848	0.00833489	-0.148471	0.122906	0.0699134	0.0701905	0.723628	-0.338423	-0.0109184	0.0523358	0.0091664	0.0539947	-0.0145214	0.124949	
1.83248	1.83397	7.03006e-05	-6.09769	0.0168095	-0.0904059	0.122792	0.0835794	0.00270625	0.540364	-0.223458	-0.00426032	0.085284	0.00904337	0.0261562	-0.0105592	0.196447	
1.13829	1.51162	7.0897e-05	-7.84282	0.00470383	-0.0846061	0.147826	0.0976599	0.0475899	0.24176	0.0358973	-0.0161035	0.0606767	0.00844267	0.0854876	-0.00550625	0.15564	
0.908101	1.55971	7.84449e-05	-6.55788	0.011688	-0.135315	0.131719	0.0442462	-0.00135081	0.461062	-0.0902498	-0.00503275	0.0590311	0.0117524	0.0560465	-0.00221198	0.0522657	
1.15579	1.10584	6.64065e-05	-7.11542	0.0136463	-0.0179306	0.0841645	0.0531437	0.0422468	0.7582	-0.392502	-0.00742035	0.0302995	0.0158769	0.0673875	-0.00663764	0.161958	
1.6089	1.04842	5.52676e-05	-7.45189	0.0124464	-0.124304	0.107195	0.0941561	0.0651135	0.889191	-0.317544	-0.00873226	0.0738012	0.00992405	0.0409973	-0.00984201	0.108896	
1.4907	1.42413	8.16995e-05	-6.6513	0.00114775	-0.0635523	0.080646	0.0248524	0.0856593	0.480562	-0.0474104	-0.0207986	0.0570458	-0.00496896	0.0958164	-0.0164534	0.0585976	
1.27208	1.24079	4.26776e-05	-7.41409	0.00985003	-0.0825771	0.120598	0.113318	0.0324971	1.04551	-0.325738	-0.0104431	0.0931275	0.00991217	0.113792	-0.0125113	0.101416	
0.892256	1.46731	5.34249e-05	-6.27233	0.00964523	-0.0876564	0.0473474	0.108496	0.0315913	0.608648	-0.299915	-0.00488089	0.0691315	0.013404	0.0978257	-0.0110735	0.0736181	
0.196422	2.37523	4.37302e-05	-5.22859	0.00398165	-0.0496292	-0.100683	0.056142	0.031544	0.622325	-0.301286	-0.0101851	0.0966828	0.00142092	0.0189886	-0.00880424	0.137666	
1.34803	1.14358	5.11154e-05	-7.13272	0.00871043	-0.0845688	0.0670144	0.0769369	0.0307783	1.13953	-0.379189	-0.00880911	0.0711436	0.00196655	0.106376	-0.00964667	0.117247	
1.27111	1.39794	4.84175e-05	-7.26175	0.00931461	-0.115924	0.109853	0.0956517	0.0520335	0.986139	-0.374739	-0.0119057	0.0511462	0.00955546	0.101508	-0.00983744	0.108473	
0.419032	1.41324	2.65875e-05	-7.24881	0.0126021	-0.12717	0.124945	0.0791132	0.00936085	0.3948	-0.0697237	-0.0116898	0.0769387	0.00771923	0.107822	-0.0157608	0.161163	
0.456314	1.0798	6.57874e-05	-7.87572	0.0101213	-0.100327	0.0386745	0.110123	0.0090107	1.13239	-0.359559	-0.0070977	0.0869787	0.0164329	0.12676	-0.00853651	0.134195	
1.47947	1.38441	4.84997e-05	-8.86081	0.00468678	-0.181591	0.259785	-0.024518	0.0354424	0.912418	0.020632	-0.016093	0.184885	-0.00852876	0.331484	-0.0189166	-0.00591678	
