407	110	388	369	236	328	101	412	144	338	360	262	77	112	388	446	236	177	318	131	263	241	369	406	330	262	240	382	482	20	9	460	95	263	263	401	222	97	11	289	388	451	97	376	43	95	482	200	398	388	300	387	246	186	387	369	241	387	164	387	460	222	174	68	227	487	340	263	446	95	68	57	451	393	9	278	9	218	275	181	365	460	406	4	77	406	374	289	
262	174	4	46	154	6	451	218	444	4	263	262	68	387	342	230	289	300	246	57	9	300	387	379	379	43	495	240	262	318	177	318	241	379	164	360	6	374	445	246	300	112	355	56	43	144	186	412	387	275	369	445	131	445	181	451	74	57	246	376	174	20	401	121	46	74	240	401	262	289	241	25	112	487	446	101	451	328	446	495	487	282	371	365	381	275	200	56	
230	112	482	9	4	445	121	200	340	68	11	200	11	164	6	446	236	222	381	328	360	278	222	131	74	445	56	131	68	342	451	318	20	6	180	222	6	300	328	448	56	180	451	180	157	340	74	241	121	57	407	445	236	328	360	222	330	4	382	241	371	382	11	132	57	445	46	241	401	12	101	495	445	213	132	387	446	68	110	460	369	328	448	381	101	365	328	259	
152	227	77	131	451	387	77	200	213	110	376	131	57	342	246	369	180	157	230	448	56	460	186	112	407	340	11	218	379	338	81	81	227	213	186	346	154	360	241	487	376	387	131	240	131	382	25	132	144	11	338	289	246	152	112	121	101	365	495	101	369	369	174	240	340	213	236	180	376	174	46	328	11	218	97	460	164	11	56	12	132	152	262	164	81	43	57	300	
56	360	246	482	407	495	132	97	328	346	43	346	164	330	200	300	382	157	174	121	342	371	68	9	398	300	282	482	275	482	110	25	6	262	181	186	68	157	328	56	200	164	401	246	448	318	12	360	289	9	398	152	81	218	12	259	121	110	259	451	342	236	369	152	139	379	186	346	164	152	365	495	177	200	379	77	222	131	56	81	132	374	355	118	230	174	181	81	
12	43	68	374	446	25	213	56	230	118	346	43	110	412	101	213	282	282	236	272	95	181	121	12	241	448	118	460	289	272	11	131	227	4	451	342	275	154	68	275	259	157	97	230	460	241	340	342	101	360	448	81	20	272	177	12	200	157	460	213	157	77	139	95	9	412	376	263	365	230	445	164	152	43	379	444	487	246	263	338	388	387	81	25	81	448	346	300	
246	371	81	342	25	177	342	382	95	74	25	259	318	101	338	338	181	263	328	388	487	263	346	259	495	132	246	121	246	240	181	382	262	77	20	401	407	177	77	246	230	412	222	186	342	300	330	406	374	407	181	118	330	43	330	487	131	241	379	398	259	12	388	81	222	388	12	164	369	11	318	355	25	241	289	401	330	444	56	448	445	139	200	95	369	110	318	101	
180	112	381	139	398	460	340	241	4	446	365	379	241	6	445	174	387	200	101	200	275	180	9	482	157	4	371	446	57	4	43	289	241	445	177	393	139	144	25	278	177	77	246	451	259	444	180	152	360	300	406	227	451	388	25	152	289	213	152	376	118	342	186	101	157	222	342	25	381	12	186	11	282	56	200	56	448	74	236	152	259	330	101	139	25	263	259	4	
56	374	272	240	338	444	495	112	272	11	340	275	355	25	388	495	164	379	445	460	407	131	446	262	95	272	289	262	200	342	110	412	101	365	20	376	381	177	482	213	56	330	152	282	177	157	11	181	262	9	448	157	342	186	369	9	139	487	97	262	338	340	340	230	4	275	262	222	118	444	180	393	371	374	240	118	180	406	371	374	381	230	376	222	227	97	57	164	
101	95	289	407	9	342	25	101	338	387	81	152	56	401	6	371	132	371	365	360	444	11	131	240	371	412	246	355	259	57	121	374	6	81	263	388	330	374	154	272	144	57	56	495	407	25	11	200	81	387	218	74	20	398	218	371	407	11	328	43	227	110	360	110	342	445	259	328	346	382	236	487	278	177	43	328	398	388	371	227	46	181	200	152	346	318	407	246	
180	393	444	213	355	152	365	376	56	227	412	340	95	121	200	371	12	20	186	482	360	412	246	154	218	401	393	365	374	371	330	262	342	376	222	300	241	177	4	112	346	382	407	300	177	382	25	460	328	20	46	154	240	328	446	6	382	393	282	360	131	448	112	388	222	398	57	460	282	407	398	174	388	57	213	154	11	68	152	448	46	407	241	139	74	9	97	218	
154	101	12	241	11	381	446	445	112	139	174	328	164	393	236	482	132	154	121	300	445	144	346	340	342	330	407	388	20	340	101	262	495	460	164	177	346	186	406	374	272	407	487	278	446	445	444	365	110	406	240	445	495	9	101	448	379	177	157	180	77	388	360	289	446	388	393	338	218	300	139	56	388	227	412	95	318	401	77	112	4	371	97	144	275	282	387	230	
152	445	412	110	393	330	74	406	4	12	376	342	365	263	236	144	164	407	43	43	246	154	9	181	68	9	387	95	177	121	374	445	360	11	448	445	139	12	451	398	9	218	444	328	213	444	97	177	381	177	177	407	12	20	355	393	342	387	222	144	132	444	68	11	406	177	95	112	227	112	381	164	340	300	12	174	482	57	222	365	181	227	110	121	213	68	164	74	
278	164	487	300	164	381	6	338	11	236	121	144	482	144	77	144	154	406	381	11	448	240	376	25	25	460	369	401	278	374	275	77	97	222	369	68	451	412	118	241	387	379	275	227	77	95	379	263	338	259	118	398	144	328	112	57	328	388	330	241	101	218	282	300	144	177	381	444	227	374	398	11	393	213	318	227	371	289	381	154	318	342	330	12	330	101	68	154	
74	6	118	379	444	241	393	406	57	25	272	382	43	342	4	381	446	97	164	181	4	186	381	381	360	246	388	236	448	460	448	342	406	263	6	448	401	360	56	495	365	406	340	342	9	77	262	218	340	25	300	282	445	444	4	445	263	387	230	180	200	360	154	318	68	74	46	263	445	139	282	132	401	382	131	144	272	246	152	118	43	200	57	177	289	382	401	448	
381	241	318	365	360	355	164	482	74	74	12	330	444	144	360	174	180	374	444	200	407	164	12	407	43	186	218	56	330	157	181	328	246	241	262	448	376	282	355	97	154	495	101	262	330	398	213	81	275	376	240	174	97	56	230	230	181	282	495	482	152	181	355	360	262	77	445	157	25	56	444	20	118	371	365	227	445	289	180	157	275	495	365	240	262	12	448	121	
393	393	381	387	20	340	6	262	282	482	371	412	20	272	57	56	152	412	152	278	56	112	355	263	360	81	272	9	371	157	340	262	278	9	157	132	445	240	181	144	381	157	186	227	446	25	374	376	275	241	340	56	74	241	387	164	369	381	132	177	278	56	218	177	177	227	74	448	177	342	110	157	444	342	379	406	487	9	374	371	222	181	275	218	4	487	355	181	
444	487	360	263	68	445	340	393	246	495	77	95	81	495	272	259	121	444	360	144	97	371	318	360	56	445	393	371	121	222	330	164	240	360	282	77	393	282	200	43	77	95	318	444	227	355	278	482	387	101	57	110	448	25	328	340	186	278	388	282	444	77	6	180	289	342	448	376	218	328	181	342	282	154	112	387	259	174	398	157	278	157	241	20	181	186	381	240	
101	407	379	101	263	77	6	110	9	218	43	379	118	406	289	272	11	4	101	412	448	482	360	218	355	360	132	121	328	132	200	360	388	121	68	11	25	200	4	164	95	77	393	218	330	139	200	20	77	20	278	95	382	131	407	346	445	241	393	240	246	236	139	381	43	56	25	227	398	371	118	110	340	398	406	393	289	6	355	300	346	174	406	451	263	236	218	131	
446	164	154	289	186	200	97	227	360	289	139	95	118	152	445	412	43	374	398	218	241	371	131	376	131	218	451	74	360	407	328	131	275	451	444	131	328	275	278	57	57	132	180	11	154	393	101	43	278	379	246	200	131	342	139	46	222	282	388	177	6	177	240	9	482	445	97	68	95	381	164	263	164	132	263	132	218	218	139	446	263	200	445	164	328	445	371	278	
371	57	371	25	460	81	282	398	77	200	131	236	382	338	95	289	56	451	448	451	374	4	482	482	227	154	444	95	112	112	495	282	20	376	379	77	222	110	144	56	241	300	407	401	121	6	289	376	374	259	382	448	227	355	289	369	174	282	177	393	446	121	365	20	393	112	278	388	6	222	68	412	398	181	4	263	20	230	406	355	460	444	446	95	118	139	46	139	
259	376	101	246	177	218	11	487	360	318	4	157	152	200	379	340	121	236	177	186	81	259	56	448	81	97	278	387	376	110	262	181	43	259	121	263	346	259	180	451	342	236	97	289	387	110	381	139	340	338	263	200	43	152	300	154	282	144	381	328	227	369	407	371	246	152	381	446	110	12	11	289	393	444	393	240	77	236	448	460	12	444	446	9	56	186	275	487	
46	152	95	213	121	371	407	379	46	275	174	318	406	95	12	282	74	482	382	74	338	4	460	365	97	177	12	328	393	43	213	342	112	412	376	25	200	144	460	374	6	387	379	259	272	346	338	74	289	379	365	241	144	200	388	365	11	369	177	77	25	401	340	388	360	272	154	240	382	12	495	330	164	246	12	446	342	218	388	278	112	20	340	11	218	180	282	369	
262	12	407	77	236	495	318	174	144	144	330	74	282	46	200	369	259	6	374	112	379	371	174	181	118	355	460	262	101	401	227	20	157	222	328	68	181	401	218	132	95	328	365	487	412	57	174	355	388	74	246	445	110	230	110	177	272	355	68	97	240	57	387	381	177	131	338	25	487	346	181	401	278	262	180	371	68	272	74	381	81	355	240	240	259	407	460	213	
9	346	68	222	401	328	77	240	164	20	164	381	412	57	272	164	246	112	77	412	241	241	379	9	4	46	154	495	328	43	482	25	342	240	132	460	152	139	382	355	263	181	81	144	174	77	272	445	186	240	25	6	272	200	6	346	230	200	6	371	200	282	213	157	200	495	495	6	376	101	152	213	110	6	495	272	186	445	338	328	451	246	81	68	241	338	236	330	
376	74	328	393	222	77	43	388	355	379	262	495	338	289	139	482	131	95	6	346	81	451	328	222	6	25	379	346	487	154	81	174	43	121	112	164	374	445	262	121	444	20	376	495	240	272	482	482	218	139	164	246	495	241	227	56	262	376	222	289	200	451	4	340	74	407	68	81	393	218	371	495	213	20	407	157	376	144	132	446	318	406	272	387	121	57	144	446	
222	460	495	186	460	328	6	112	95	112	262	342	318	227	177	56	177	289	110	6	495	236	97	4	97	46	371	262	376	300	180	241	278	110	360	246	12	487	222	77	445	200	328	12	6	177	154	181	379	393	355	338	340	57	401	139	374	186	365	346	407	186	12	387	259	97	355	401	121	300	328	374	330	118	381	446	46	74	240	218	371	132	132	157	157	200	218	20	
275	6	241	340	444	77	360	101	6	388	241	360	186	259	95	382	12	401	278	213	382	448	139	318	4	445	132	164	445	11	25	152	20	393	272	451	68	20	164	398	328	371	346	11	180	246	445	4	77	46	81	259	376	236	369	445	56	382	43	401	213	20	318	157	388	236	406	112	218	365	240	6	81	241	330	9	154	444	240	43	369	379	448	365	376	97	393	407	
460	355	74	236	139	406	263	227	157	157	95	406	263	369	446	278	46	144	340	46	278	101	387	328	241	180	144	262	118	401	382	444	57	401	300	374	393	445	374	186	110	180	81	222	222	12	152	275	318	121	236	398	374	300	412	379	275	157	444	379	230	381	236	393	342	181	46	487	330	77	95	56	139	110	360	445	282	6	482	382	401	398	213	444	379	12	46	230	
289	262	180	154	57	157	393	393	328	346	406	398	382	495	300	338	300	272	398	227	263	56	300	157	446	338	57	398	346	164	445	289	227	131	112	56	46	180	11	444	77	152	110	110	374	139	444	118	112	56	177	152	157	97	482	154	444	346	365	112	369	118	275	387	157	180	482	56	144	318	121	11	56	387	387	259	338	246	360	4	262	445	95	371	241	406	412	144	
68	448	9	57	460	401	318	401	275	371	246	365	81	445	139	346	407	365	387	43	346	340	174	236	259	412	81	487	112	379	9	330	482	144	110	371	139	342	20	360	74	11	177	393	318	181	401	369	340	213	338	180	164	346	369	374	121	4	374	97	318	460	340	407	218	371	112	222	289	77	365	282	446	445	97	398	262	376	101	25	407	406	43	381	263	387	154	445	
112	20	445	278	240	355	177	68	262	487	101	144	154	43	282	4	57	388	340	213	110	230	230	412	227	9	300	382	101	382	43	338	43	289	355	374	240	186	56	448	11	74	246	200	346	318	74	445	275	444	369	487	487	246	330	407	330	11	371	213	340	487	139	374	56	186	263	407	330	121	112	132	412	164	365	360	342	398	46	328	112	132	246	328	97	282	338	259	
110	154	369	487	164	259	282	230	236	401	445	444	355	9	227	241	132	200	448	451	374	12	495	382	381	360	445	360	144	338	451	180	4	213	157	240	112	4	246	393	144	56	388	43	263	369	12	110	365	262	180	97	412	487	448	227	330	444	81	387	412	56	6	213	230	200	57	448	218	213	406	338	300	482	365	97	495	407	365	495	139	278	144	393	412	272	330	227	
355	495	338	371	200	213	379	186	25	132	379	222	460	340	379	181	412	174	56	112	132	186	259	407	448	154	355	379	46	222	338	482	236	300	381	369	112	275	338	482	272	300	272	406	12	68	230	369	174	152	379	398	318	482	139	451	164	112	407	381	180	241	448	282	4	12	371	4	393	448	132	97	227	393	118	222	272	340	300	164	164	330	6	365	272	259	387	181	
6	43	144	240	77	374	393	177	213	365	365	487	446	57	278	77	74	4	444	330	259	406	272	121	164	56	407	460	9	275	289	230	227	57	275	371	227	101	406	300	382	200	9	139	241	157	121	387	132	393	330	77	330	157	112	246	374	112	11	157	227	101	200	68	482	376	57	218	222	222	382	177	318	4	157	376	241	227	393	446	121	482	374	74	227	218	393	121	
46	371	186	376	406	241	401	360	487	131	355	6	241	263	74	112	412	181	379	121	6	289	181	112	164	401	11	406	139	387	278	20	445	57	482	57	374	406	181	376	379	495	487	406	338	407	246	230	300	11	444	446	259	300	11	448	4	379	9	365	376	330	379	132	57	230	164	448	300	376	74	451	56	369	57	110	20	328	328	487	25	81	387	300	222	12	132	282	
112	365	371	180	68	371	213	451	77	139	278	236	164	110	9	174	213	444	164	487	262	236	318	338	398	495	262	241	230	374	81	338	77	388	495	379	9	68	132	157	180	387	227	57	412	495	200	132	57	282	340	97	174	300	12	4	4	371	342	282	236	382	157	236	401	81	25	448	282	131	57	460	374	56	81	227	222	365	139	495	213	289	460	241	300	180	110	300	
282	56	282	6	57	110	11	393	340	412	200	164	338	131	382	152	460	445	263	495	398	388	139	112	139	246	152	300	330	406	118	376	11	282	118	262	157	401	81	495	132	272	262	387	381	177	259	241	152	20	495	387	346	68	355	43	12	181	25	236	43	213	180	157	112	12	9	355	282	272	97	406	365	57	240	240	241	379	340	81	81	448	74	289	152	381	448	407	
181	346	181	174	282	355	355	132	56	330	74	164	230	152	406	369	132	68	495	406	340	97	278	121	180	444	4	157	495	365	371	97	460	355	259	346	6	12	444	446	25	328	241	342	340	4	6	12	154	200	112	393	77	81	318	118	379	97	446	398	132	81	181	241	57	152	342	482	118	330	11	56	152	222	388	406	68	12	376	379	222	300	444	382	152	112	374	275	
11	112	6	451	259	164	398	152	97	259	460	445	278	20	379	401	382	56	6	4	460	342	379	177	369	318	152	180	186	139	259	174	241	12	282	157	387	236	227	376	9	263	340	12	218	11	355	446	262	495	360	68	328	56	11	379	186	495	132	11	25	406	95	177	81	95	278	342	282	68	381	97	164	387	121	81	213	338	112	259	460	132	346	56	164	240	346	382	
112	177	460	263	369	230	200	275	81	230	263	246	97	340	407	101	355	412	174	68	112	74	393	227	340	230	144	318	157	43	68	46	448	446	381	218	118	340	11	174	289	444	401	330	154	230	132	246	174	181	342	374	398	451	387	482	164	154	365	451	246	262	46	355	338	12	330	174	330	222	374	177	338	330	246	381	365	278	241	43	222	213	68	318	222	263	144	495	
446	338	369	112	181	401	401	376	186	448	121	81	213	318	6	393	112	398	398	25	112	180	112	412	240	164	43	278	388	131	181	177	77	181	446	132	12	398	382	57	338	340	101	81	365	282	278	121	338	227	230	180	157	412	154	11	381	12	56	12	328	6	101	444	97	227	152	121	262	46	328	328	164	112	379	365	213	227	101	328	25	406	6	131	444	393	95	97	
227	444	365	407	330	46	482	56	401	445	412	398	6	157	164	346	381	272	346	272	369	460	118	346	97	376	407	154	371	9	56	180	68	482	412	174	374	330	246	11	398	110	57	236	12	272	6	318	445	387	342	43	262	318	398	200	213	200	181	278	328	95	381	97	355	213	68	144	57	97	365	382	12	112	4	340	81	393	387	374	154	259	446	342	246	218	200	482	
9	495	369	4	12	25	289	289	262	157	154	121	152	213	144	387	144	381	387	241	448	444	152	289	451	132	374	263	213	43	240	157	186	11	448	451	112	460	230	157	230	152	101	4	132	259	446	289	381	132	97	57	177	272	487	68	97	393	487	448	448	328	77	445	393	180	164	376	360	95	97	369	460	338	180	340	218	379	20	152	12	246	406	180	200	181	328	46	
110	346	330	101	139	77	139	365	43	101	139	376	43	346	236	346	300	132	346	365	200	157	369	56	388	200	200	374	263	263	487	101	342	387	12	282	300	81	263	9	9	157	487	97	289	180	495	4	46	398	460	460	388	11	451	230	132	482	118	376	110	346	12	110	387	360	236	186	340	282	355	407	460	448	259	77	9	401	445	451	164	448	101	11	355	406	186	95	
152	278	371	360	369	110	282	300	241	56	300	448	97	43	213	328	278	382	164	446	227	4	177	460	369	174	340	406	300	379	360	200	4	101	275	101	365	381	330	25	482	132	451	213	374	407	46	154	340	56	262	263	365	444	9	275	388	460	213	381	56	132	4	95	25	57	218	56	446	272	246	374	144	278	240	342	495	6	365	246	379	365	121	282	448	300	482	374	
57	371	495	56	25	236	164	318	157	97	164	177	68	282	342	230	460	9	164	11	97	460	342	81	393	360	101	57	355	101	110	180	330	74	330	393	20	487	236	365	448	68	81	112	382	444	371	95	230	97	110	222	25	487	412	222	9	460	360	382	25	95	460	200	181	20	9	236	118	289	180	445	259	218	4	11	95	360	355	482	110	451	387	213	174	218	371	200	
328	95	338	144	382	20	401	46	340	444	6	12	56	240	25	445	282	393	12	487	241	482	346	412	213	81	340	398	240	365	9	157	444	338	487	355	406	360	121	487	365	398	487	20	460	379	20	446	132	4	482	97	444	12	381	487	154	186	369	25	9	20	157	451	77	275	118	406	118	46	446	374	338	495	241	74	445	9	342	495	387	9	95	374	56	401	227	393	
230	101	68	355	259	77	289	406	388	330	460	186	360	131	460	448	222	97	272	218	112	382	77	174	154	289	241	495	222	4	20	446	157	131	77	112	118	174	387	57	181	4	401	20	11	144	412	157	460	144	275	381	6	43	110	374	376	371	289	240	487	342	131	445	406	289	355	401	300	164	365	445	406	460	118	300	369	139	139	181	376	157	20	9	144	110	365	9	
338	121	318	200	20	376	218	407	338	495	227	407	139	144	451	289	56	181	398	412	25	20	74	68	118	95	330	355	56	222	230	81	330	330	81	451	369	241	152	338	451	379	139	263	174	278	222	388	77	139	4	330	74	318	56	338	282	200	278	121	20	186	376	376	446	246	275	227	118	246	328	186	112	300	289	300	460	56	68	97	495	388	388	213	393	342	200	262	
25	154	398	371	25	388	495	186	157	132	95	46	101	200	131	218	382	112	374	164	388	445	444	398	77	374	282	263	398	56	495	213	369	262	448	460	200	139	262	180	289	101	371	379	157	101	57	407	398	262	406	369	444	401	222	278	388	152	12	262	369	68	451	381	382	81	56	401	338	4	272	101	246	177	482	360	381	118	289	338	487	4	200	412	300	213	398	241	
57	222	236	355	412	227	259	342	11	451	398	77	342	387	68	262	74	132	121	360	240	118	259	360	157	180	6	482	407	387	11	200	262	448	6	360	240	181	12	144	118	213	445	180	139	412	398	360	330	275	157	222	200	43	74	152	263	139	448	97	342	369	388	236	157	139	177	246	407	180	495	154	218	11	393	68	213	393	164	330	445	154	101	381	346	227	262	186	
289	77	164	382	241	213	81	118	11	381	25	154	338	180	139	77	340	152	374	112	365	330	11	180	328	4	376	144	360	369	448	289	259	374	393	230	164	230	263	342	444	388	181	246	482	382	57	338	181	263	12	282	218	393	144	282	6	451	387	139	300	460	407	74	4	164	139	482	275	451	487	387	68	451	112	487	263	355	241	495	157	46	487	164	241	57	101	46	
121	451	174	338	101	9	393	181	360	374	164	342	282	444	282	355	56	68	342	132	401	371	164	181	259	275	448	448	25	218	56	56	289	218	300	95	213	11	451	387	330	121	300	11	81	282	181	57	110	318	263	263	365	398	451	406	241	328	56	275	346	46	213	445	340	262	144	398	97	379	382	328	213	259	101	174	139	487	318	200	388	131	412	177	74	200	227	460	
230	132	222	407	300	177	139	448	180	407	68	213	6	376	186	101	379	448	186	289	177	121	374	227	110	152	369	12	164	200	200	144	25	241	213	278	379	388	11	495	77	398	241	446	9	9	101	393	262	376	300	132	263	318	460	262	11	57	282	444	139	401	446	46	121	371	20	110	213	118	340	46	360	365	482	406	227	445	451	407	388	262	112	446	181	263	57	482	
328	342	97	401	259	241	387	164	152	77	132	446	181	131	236	355	112	382	365	482	230	101	95	110	346	110	131	164	4	241	369	186	482	152	95	227	43	218	342	139	101	246	263	448	262	154	186	43	445	406	9	43	495	12	360	97	20	77	236	381	262	12	246	495	318	444	218	4	74	241	174	382	381	200	139	272	174	46	121	25	259	340	406	181	406	379	318	132	
398	218	289	412	263	241	444	139	6	230	406	355	227	446	131	139	374	6	200	12	157	218	381	448	342	381	376	240	97	460	186	262	213	401	259	263	177	448	275	406	241	262	487	25	300	181	412	11	240	144	289	300	11	154	379	12	110	451	393	25	74	272	407	379	57	318	482	374	338	164	43	97	132	387	451	131	227	407	340	300	43	154	328	97	157	177	381	131	
381	338	157	406	407	144	451	81	240	278	222	382	246	222	112	374	164	132	446	282	139	227	246	444	342	56	57	9	81	74	174	451	101	495	272	355	272	246	401	186	407	152	68	300	460	241	57	240	144	97	388	407	180	68	222	369	6	222	406	376	144	97	460	9	177	365	9	213	241	144	360	495	407	230	346	174	222	186	241	25	157	218	360	262	388	152	451	346	
186	6	157	259	200	451	230	448	446	132	371	56	444	393	275	181	213	25	68	180	186	300	444	300	259	46	355	272	95	68	218	278	181	487	56	144	278	118	97	246	152	139	401	289	241	328	4	398	355	95	342	186	401	218	56	213	95	259	227	230	342	186	97	379	407	241	68	246	56	12	20	388	180	139	46	371	157	398	371	12	379	365	407	382	282	95	460	118	
177	186	342	200	448	181	365	57	300	139	56	77	144	56	144	259	25	460	6	139	12	342	180	236	246	246	157	381	74	460	110	25	236	68	382	12	328	387	213	186	139	154	152	218	371	262	246	68	230	74	139	282	246	186	300	230	346	227	300	132	444	230	81	95	121	401	43	387	275	43	342	487	181	371	227	365	154	121	11	382	388	482	164	139	186	240	25	328	
381	393	379	101	381	121	213	12	222	381	230	240	393	200	263	444	9	25	393	200	222	11	374	318	110	374	200	355	154	240	121	97	398	180	342	236	227	9	181	144	355	300	57	446	157	25	355	164	9	365	218	46	20	177	259	460	401	241	444	451	259	144	230	95	398	289	68	300	241	495	482	95	222	448	448	74	227	300	272	139	25	56	20	132	241	382	340	282	
74	346	56	376	360	97	20	381	445	57	131	382	340	388	300	328	340	77	328	200	144	139	154	218	56	20	278	95	272	446	355	46	487	131	259	43	460	300	218	346	328	57	262	25	328	118	95	68	360	164	259	6	241	406	340	448	340	263	56	376	174	278	365	495	25	282	282	74	139	101	246	240	139	444	9	131	460	360	328	222	259	164	118	43	177	56	218	382	
4	388	56	240	495	112	328	446	95	213	401	74	57	118	236	121	154	177	401	340	371	164	407	338	112	4	139	12	382	132	355	275	445	448	56	360	393	246	222	393	275	25	365	200	278	43	227	121	174	118	74	200	393	382	6	218	330	181	57	444	328	154	46	152	369	230	282	236	227	110	152	278	177	446	398	495	81	412	157	318	112	448	12	379	154	246	379	174	
482	330	393	444	278	444	360	355	275	346	376	97	379	81	388	200	381	446	379	393	382	101	487	272	154	393	164	43	154	241	132	282	132	152	379	387	272	407	144	154	412	263	330	342	379	275	46	278	338	200	154	338	241	213	338	355	387	152	360	340	181	379	338	132	278	241	406	318	246	382	213	406	110	222	222	144	369	11	4	139	152	398	230	68	360	382	68	342	
328	365	398	371	398	328	318	56	81	371	118	401	43	282	9	240	164	401	101	236	101	9	379	482	186	446	152	259	371	272	152	177	338	12	222	112	407	318	240	131	4	412	74	407	110	398	381	164	318	272	12	444	222	487	360	101	328	200	121	445	393	382	132	56	12	328	448	152	446	57	132	278	4	112	101	57	374	246	25	56	121	154	97	101	340	218	407	132	
95	393	110	482	338	300	495	401	275	278	275	318	218	213	444	278	451	57	6	246	213	180	338	342	282	444	95	412	340	131	278	110	218	186	275	230	275	387	157	393	164	240	495	112	412	263	482	406	132	300	379	495	177	157	445	97	139	112	263	278	388	57	110	338	77	382	57	374	57	460	74	68	289	263	6	388	6	131	240	446	230	446	77	56	180	318	355	25	
393	412	342	446	371	132	444	56	360	180	487	444	374	222	379	275	236	330	262	186	388	371	342	393	56	56	388	112	152	152	374	181	9	164	448	328	118	20	230	9	259	241	300	213	12	365	180	374	4	393	369	25	230	77	365	246	263	495	346	230	157	77	230	451	186	328	101	246	25	213	318	81	132	355	144	365	227	174	121	379	132	246	401	388	376	379	43	97	
222	12	6	230	376	57	95	318	213	487	398	246	186	381	177	398	177	444	68	139	401	259	43	144	157	110	131	446	445	174	412	218	446	174	154	121	278	227	56	412	218	144	131	263	398	282	376	289	236	246	222	387	57	406	131	360	12	360	186	371	406	174	262	382	388	448	330	68	95	181	200	9	369	412	227	342	355	382	43	401	4	112	46	230	495	9	200	278	
365	393	451	328	164	227	355	56	487	4	278	300	318	412	300	406	342	132	95	25	11	401	482	152	379	346	20	12	446	365	340	20	144	275	412	460	246	74	25	118	393	180	152	262	259	154	4	282	174	101	272	340	401	412	164	186	230	9	77	227	110	495	180	328	272	330	487	20	381	289	46	342	186	407	482	382	487	406	222	200	56	495	401	340	9	57	393	131	
68	398	230	110	451	272	81	154	259	407	407	262	371	346	495	371	289	95	152	157	444	56	346	57	25	328	289	81	57	11	300	110	278	365	360	451	387	154	262	379	77	376	262	20	144	263	275	213	365	174	4	300	460	56	446	180	4	9	9	328	275	272	360	4	482	43	43	482	330	181	152	330	181	393	328	157	401	11	240	487	300	77	365	20	275	230	300	387	
57	387	25	412	74	487	487	230	154	246	342	487	387	340	213	263	272	180	371	374	157	278	460	412	487	6	369	272	11	110	393	74	407	278	376	77	346	387	68	448	259	278	46	407	487	328	200	342	241	382	444	240	4	369	97	246	369	393	355	174	318	376	328	487	95	448	282	388	110	330	259	241	376	263	444	451	181	218	139	263	387	95	360	407	11	487	177	382	
278	412	57	342	68	246	236	412	369	131	200	230	186	282	9	240	289	263	487	25	246	376	227	272	388	213	406	56	275	118	154	25	157	355	379	11	186	387	387	275	382	262	263	68	451	263	379	12	131	246	12	110	131	460	101	77	263	95	200	157	200	448	6	20	186	365	282	278	241	164	346	121	412	112	355	118	56	340	218	382	381	360	401	246	56	355	240	246	
177	157	460	56	77	318	346	200	412	131	121	20	12	355	152	376	328	236	338	121	177	382	164	81	144	318	11	200	20	11	369	388	371	355	387	152	121	4	369	355	174	444	157	236	181	4	222	262	222	154	110	200	355	275	263	412	164	186	177	272	272	393	131	77	112	154	379	241	369	275	346	300	227	371	68	263	110	482	495	97	139	152	240	487	121	388	401	144	
77	300	6	144	9	328	482	300	240	275	9	259	241	25	157	20	263	328	118	300	328	218	342	262	278	110	407	240	346	445	355	278	495	346	118	300	495	174	444	495	365	398	77	112	230	374	407	272	230	300	272	495	56	46	355	487	401	200	342	56	360	6	448	43	180	200	451	101	412	278	446	369	379	144	340	482	227	412	388	6	371	6	393	342	445	371	374	181	
68	57	6	174	263	289	180	360	338	451	379	95	164	181	25	43	374	230	154	77	393	401	282	272	342	448	340	131	56	342	495	275	355	282	381	406	379	460	446	379	369	259	227	376	446	406	43	365	236	180	412	81	11	132	101	25	379	482	259	240	177	342	77	460	20	451	272	56	110	355	230	9	282	152	112	81	262	9	121	11	262	342	181	112	382	131	355	246	
174	4	74	340	369	222	46	460	330	186	139	342	289	81	346	152	152	355	240	376	259	227	300	222	9	218	213	318	132	388	376	444	388	164	200	365	342	213	4	263	95	46	101	240	101	121	289	112	131	74	241	482	446	487	355	139	186	101	289	57	118	174	282	110	338	222	444	300	110	482	240	406	495	154	379	177	398	144	460	289	382	186	460	282	338	289	101	164	
95	25	328	340	97	401	444	446	371	6	379	174	346	152	406	412	222	289	118	371	342	74	95	340	186	374	262	25	157	81	446	246	282	227	110	101	387	300	68	275	444	393	289	246	445	4	154	263	68	412	444	181	74	77	263	482	57	355	139	318	381	340	218	371	401	218	11	407	110	407	272	445	132	230	289	144	101	382	157	213	57	118	112	68	200	393	406	110	
289	407	444	121	101	446	174	259	398	338	154	289	388	451	388	9	154	180	43	68	246	444	213	174	282	154	112	157	132	152	381	181	451	272	444	371	382	282	446	360	300	230	12	236	412	379	346	4	25	4	246	300	218	451	144	338	11	56	177	222	144	213	275	152	376	57	495	6	446	342	20	131	241	376	275	278	131	186	97	174	57	236	213	388	446	43	278	398	
152	46	152	246	56	444	272	81	360	112	448	346	282	387	318	241	330	371	328	360	164	448	241	139	227	25	451	282	144	355	218	95	43	263	186	81	355	222	263	381	131	110	401	495	9	376	412	25	374	376	451	12	393	289	222	174	388	131	482	300	11	56	360	139	407	446	407	448	445	181	11	132	262	4	139	25	152	20	6	144	110	131	444	246	4	278	227	95	
74	318	342	152	381	412	374	495	218	369	445	43	340	444	139	278	174	487	387	139	180	57	9	6	448	56	328	371	388	262	218	4	382	289	330	157	6	177	4	275	11	213	132	495	445	177	164	157	282	74	406	43	213	393	451	460	318	132	444	25	371	282	25	77	213	495	186	246	56	381	20	110	77	157	177	381	446	382	374	25	374	25	20	46	174	387	139	227	
177	318	318	446	387	401	95	482	275	393	448	379	95	164	157	95	95	360	56	227	300	56	144	371	381	495	446	346	406	241	218	227	95	157	460	131	9	393	95	289	487	177	487	213	376	186	412	387	360	118	241	46	451	222	236	388	328	487	200	174	272	9	144	446	174	275	213	131	101	74	342	132	487	25	74	174	25	218	241	246	382	338	446	4	110	12	112	230	
11	388	144	412	444	46	25	444	393	398	374	101	236	152	444	246	110	398	6	57	379	300	43	180	262	132	365	154	360	330	77	222	388	360	374	200	275	174	186	154	451	412	118	6	275	25	4	132	12	495	186	57	74	241	448	275	222	177	43	12	482	289	381	154	25	275	330	157	246	200	57	482	495	365	118	152	177	259	365	482	365	445	12	451	289	4	77	12	
460	180	360	218	407	355	262	230	118	482	388	379	186	139	43	240	262	110	259	97	318	43	381	259	181	275	387	20	263	118	157	495	289	371	278	495	180	360	300	275	282	369	275	101	407	227	371	177	412	382	181	451	393	263	376	355	444	374	259	186	25	355	412	445	177	445	445	330	448	180	278	144	68	365	43	230	4	131	318	275	46	97	340	360	240	68	460	275	
318	157	213	328	445	181	346	74	101	139	487	446	262	152	460	157	174	181	180	275	460	328	246	213	132	240	262	444	95	328	213	186	376	406	263	393	398	236	259	77	388	246	57	451	174	342	181	387	227	144	381	412	20	6	379	11	12	246	240	95	407	118	382	4	262	328	451	412	275	4	97	451	342	154	342	230	144	412	393	164	289	11	398	275	263	240	74	342	
387	262	328	451	495	230	112	200	374	4	112	398	282	482	365	46	445	9	213	407	97	376	272	6	9	355	330	393	330	46	275	132	407	118	482	398	121	328	445	12	355	342	57	406	387	9	451	275	186	12	132	346	338	445	174	121	259	12	121	495	144	152	164	371	218	222	340	77	11	74	174	360	110	56	374	57	355	9	144	330	376	174	338	46	374	272	406	241	
20	74	330	246	376	56	374	448	328	263	218	43	278	401	95	11	406	382	68	227	262	227	110	487	157	460	177	275	20	43	365	355	68	241	272	81	131	186	407	369	152	275	46	382	379	376	328	4	218	181	118	9	365	360	451	131	46	379	278	272	275	346	200	132	445	444	371	9	186	259	388	393	4	174	340	330	365	388	139	230	11	263	174	20	57	213	355	407	
11	9	131	132	4	282	262	355	340	139	144	77	388	227	369	4	407	487	81	328	139	342	218	174	177	43	300	289	330	144	300	275	328	346	213	272	387	132	374	12	112	365	56	393	74	487	398	11	387	379	388	213	412	81	278	77	379	379	407	110	259	371	112	278	444	181	328	338	446	369	393	110	388	346	74	340	97	97	56	222	451	57	139	272	11	177	379	289	
398	407	262	369	164	360	11	448	139	374	112	227	338	164	9	289	275	101	97	12	131	495	152	360	263	446	240	406	101	131	9	300	346	401	379	263	20	300	246	177	495	282	236	289	369	74	12	230	381	342	495	240	180	97	77	164	177	263	121	401	144	46	382	278	97	174	240	330	68	444	77	338	374	25	360	57	132	112	181	448	487	300	154	240	97	121	482	213	
275	365	101	11	9	482	95	289	263	374	97	393	222	371	259	77	487	289	12	398	213	487	330	330	369	407	444	236	110	68	346	460	446	263	300	318	177	227	338	398	278	77	300	222	25	369	282	444	282	174	346	68	77	448	154	97	112	446	95	56	330	157	101	240	152	132	20	369	121	282	371	56	154	12	376	379	118	25	371	95	4	495	43	131	186	278	43	241	
57	11	101	6	144	164	282	340	110	444	246	289	81	355	482	9	328	340	241	342	444	181	342	482	330	495	376	77	46	289	300	387	157	218	262	218	241	406	139	495	259	174	77	43	43	152	401	371	68	144	360	112	259	487	180	97	181	218	446	97	186	177	263	213	112	376	444	398	46	236	200	259	448	154	110	495	121	369	157	340	6	379	278	227	180	262	112	154	
259	174	152	186	388	11	398	77	460	272	387	97	381	444	444	56	240	77	401	328	4	246	74	340	262	177	318	74	393	278	230	12	95	154	218	97	342	180	4	342	379	412	259	259	275	398	43	74	12	444	177	144	272	57	118	236	381	412	20	487	444	112	393	241	139	20	398	338	154	355	118	318	236	154	230	382	374	446	152	376	95	174	157	262	218	365	227	144	
57	154	382	495	448	110	460	360	278	412	152	180	388	460	263	487	365	154	338	213	181	6	448	407	246	222	374	393	200	222	387	495	451	340	318	398	6	338	200	12	177	340	289	222	57	241	241	11	376	77	262	177	110	81	460	406	401	263	20	181	360	74	445	97	46	222	57	401	101	95	56	6	174	164	379	460	482	371	262	240	355	282	300	272	381	407	342	174	
376	355	56	4	213	121	139	241	240	338	282	262	11	445	275	360	152	330	346	407	444	460	451	388	154	68	6	157	154	118	227	81	46	236	227	318	487	81	355	388	328	180	448	77	112	213	132	177	180	374	355	177	259	43	289	365	448	330	9	4	278	6	11	444	446	12	68	275	393	338	460	180	376	174	445	282	174	262	275	275	495	241	278	241	451	259	272	381	
374	371	95	213	289	43	4	388	365	180	445	446	263	387	222	200	20	445	174	46	369	342	259	186	355	46	263	74	482	263	346	444	342	382	240	382	340	330	482	263	398	376	95	275	9	289	241	57	240	355	346	157	177	57	360	68	487	95	369	263	227	328	342	289	388	213	448	444	387	139	246	25	154	382	275	25	289	444	379	282	460	118	95	177	227	56	445	200	
278	144	11	401	340	110	74	369	401	164	241	398	144	186	482	11	278	460	445	446	154	318	379	445	487	9	379	263	300	278	157	144	406	57	181	68	374	131	110	174	401	275	132	376	110	57	338	131	25	379	263	393	240	346	371	97	330	227	262	241	9	482	495	132	393	9	365	230	112	177	289	263	101	246	6	110	379	77	376	278	81	11	300	259	282	398	25	393	
152	132	112	448	25	300	164	376	132	121	25	374	360	230	330	227	282	4	300	328	131	300	246	328	174	387	495	482	282	262	144	236	131	213	330	81	95	262	20	112	177	355	379	246	227	272	20	118	154	376	12	340	186	487	57	154	278	174	186	278	371	139	289	241	112	157	97	139	131	12	445	131	157	289	272	240	11	74	200	246	369	241	6	46	180	445	164	376	
97	382	374	330	68	25	387	6	139	289	278	300	355	387	227	132	360	275	406	11	230	369	445	12	25	77	369	57	451	262	97	227	46	381	144	376	448	230	318	272	446	81	263	482	213	376	379	12	381	278	406	101	95	444	376	177	180	369	393	241	230	174	282	398	164	355	180	95	9	139	97	95	330	110	451	152	241	444	376	139	262	121	379	218	346	262	374	381	
12	487	388	495	68	369	275	200	365	398	12	445	355	110	68	374	365	154	379	282	300	74	222	200	154	144	448	132	227	374	398	57	448	340	412	227	446	275	222	56	401	272	388	144	46	68	213	157	387	487	398	360	200	382	444	6	101	81	355	451	81	74	174	131	487	460	200	95	300	222	246	144	451	318	379	259	200	177	328	77	445	132	451	164	289	200	12	371	
200	180	43	371	4	487	77	379	445	365	407	451	278	487	152	407	482	460	213	360	328	77	262	398	445	360	300	77	340	11	227	448	263	263	56	412	445	139	246	112	222	369	412	446	300	25	9	328	177	112	412	482	374	387	118	152	346	152	246	164	200	110	174	487	369	112	118	112	157	445	43	406	181	393	448	132	393	340	57	6	152	406	112	95	121	11	227	360	
101	448	81	154	460	9	388	95	381	110	263	222	460	218	200	259	382	241	77	398	374	131	448	236	186	446	387	74	157	200	240	74	43	110	393	57	460	401	4	398	4	412	144	388	448	318	12	246	272	81	118	186	139	393	382	445	360	374	25	186	342	131	448	246	9	275	444	412	101	342	445	246	227	95	157	369	445	186	46	57	346	101	412	407	57	154	20	246	
360	46	97	131	446	112	398	318	95	382	110	328	365	318	241	355	68	213	132	95	360	131	401	282	241	393	77	222	451	448	346	213	6	446	369	460	56	68	289	388	241	272	446	241	482	177	398	446	240	101	144	444	401	340	382	112	97	340	448	300	177	131	200	446	95	388	4	222	11	174	369	406	154	95	275	379	445	259	218	330	157	282	278	4	360	227	236	289	
262	121	278	181	318	369	164	263	152	342	365	365	388	68	275	144	444	278	81	328	300	259	482	174	9	387	282	222	487	369	101	230	25	406	112	346	318	460	340	360	406	218	374	272	330	157	181	240	376	369	318	74	289	132	340	227	407	139	398	56	43	338	20	330	74	4	407	4	460	388	68	240	444	482	240	360	263	318	382	101	444	11	246	338	157	263	74	369	
4	328	227	121	57	460	374	444	177	342	451	451	388	482	371	181	4	460	4	222	157	164	393	200	4	181	495	318	12	152	330	446	263	448	482	300	495	369	9	154	382	164	11	460	181	262	406	95	152	43	132	340	407	387	227	81	230	263	407	139	177	139	200	101	338	227	282	342	259	318	360	398	282	68	11	181	246	6	4	328	43	346	382	236	330	112	222	487	
152	318	9	218	9	382	77	338	121	68	81	360	164	407	355	121	259	346	11	230	157	9	444	121	43	379	144	46	110	68	246	365	68	346	213	346	112	482	398	272	451	110	374	95	278	342	118	11	154	346	330	186	6	448	300	118	275	218	275	200	365	407	12	213	445	132	77	300	328	139	393	259	398	101	272	157	200	393	131	263	56	246	371	144	381	227	213	401	
177	157	227	369	43	181	74	460	330	97	177	263	289	77	9	328	330	131	57	174	374	388	369	213	398	365	376	355	289	230	112	398	154	43	393	381	393	360	95	355	289	482	177	371	213	177	482	101	154	186	278	388	157	393	487	342	318	460	57	46	262	246	4	398	131	374	77	144	388	81	68	495	482	95	186	121	342	20	381	121	230	25	407	101	154	131	328	365	
379	181	131	230	154	9	131	241	77	328	340	213	222	328	177	369	68	482	131	388	262	401	131	174	97	272	448	97	110	181	241	340	236	144	240	445	376	186	43	272	382	444	177	6	139	241	272	68	355	222	275	144	68	342	289	263	278	374	388	328	186	11	346	371	318	112	487	451	57	157	379	379	355	342	346	388	241	328	4	381	227	495	57	222	4	74	213	406	
227	121	272	387	236	369	81	330	263	278	444	445	230	57	139	444	365	407	131	12	300	387	445	445	68	318	446	387	300	374	57	379	181	346	227	6	12	278	11	180	20	144	144	139	282	272	110	77	262	398	340	152	278	144	259	376	460	6	371	328	412	275	382	381	387	241	328	278	263	376	68	77	412	338	275	246	282	393	371	121	186	4	227	342	263	157	181	346	
379	110	275	388	180	181	376	460	222	240	12	227	46	200	101	381	152	77	259	282	101	262	118	278	407	46	342	236	4	382	272	213	6	376	495	318	110	407	200	330	118	6	444	272	379	20	68	68	448	25	272	330	387	407	222	446	152	406	445	154	328	118	74	330	121	46	110	330	444	263	388	451	318	388	131	110	227	4	482	213	177	340	289	263	121	272	139	398	
346	118	200	240	97	4	110	275	259	451	355	77	278	164	81	382	328	451	340	289	230	272	112	25	340	4	393	259	77	236	46	388	186	387	12	360	318	355	371	174	275	371	46	355	227	240	401	200	97	218	448	262	342	376	12	46	340	112	43	200	387	371	289	406	222	328	56	340	369	381	448	97	186	398	406	46	340	369	371	444	157	401	110	139	132	218	369	369	
200	74	77	398	487	374	346	365	401	451	346	263	412	365	495	131	20	338	222	9	355	371	131	131	164	154	388	355	236	371	57	487	448	152	154	97	262	236	388	218	300	95	68	246	6	12	451	20	398	180	164	25	393	74	97	95	177	112	218	393	360	20	157	43	164	112	482	381	57	110	132	444	46	112	365	97	180	139	46	200	387	241	81	272	110	398	95	20	
25	180	278	369	101	300	445	6	118	376	407	154	340	154	338	379	342	154	393	154	388	25	139	74	275	401	218	342	346	213	387	289	460	20	451	110	227	9	451	482	340	338	131	144	241	262	236	272	300	369	46	181	381	412	57	20	393	387	342	444	365	355	259	328	360	487	460	272	218	369	387	407	240	12	139	177	46	406	236	218	95	144	157	25	95	180	20	382	
97	374	355	282	46	495	487	181	4	20	131	371	200	164	401	393	144	56	451	487	164	289	121	340	412	376	300	56	227	131	227	154	236	43	186	328	131	342	340	342	177	11	230	259	101	382	278	365	152	374	68	262	401	262	401	371	68	213	110	25	393	451	43	300	355	246	381	241	388	95	340	446	381	112	406	9	9	338	68	318	330	9	388	346	445	451	25	376	
132	445	152	46	346	144	152	213	68	56	200	95	300	382	272	213	46	451	77	300	376	112	460	451	213	241	448	371	263	157	374	393	300	218	110	164	110	278	330	12	406	330	112	330	118	495	43	139	218	412	355	118	460	365	56	74	374	460	342	112	139	174	369	398	342	451	164	355	157	77	446	81	12	6	330	482	398	355	68	289	401	9	6	74	487	164	236	371	
57	448	181	68	12	152	68	412	275	263	398	68	448	101	81	154	164	445	20	213	259	144	177	407	446	272	230	236	460	57	25	407	263	222	132	487	451	346	110	181	164	213	110	46	241	57	77	144	154	398	263	382	381	381	46	379	318	6	376	445	152	393	25	328	68	20	282	330	180	387	407	259	376	278	118	393	81	177	154	246	154	393	177	131	262	407	101	289	
46	20	379	272	272	112	371	376	262	328	259	154	446	222	495	346	56	25	487	346	152	57	460	246	393	289	330	20	388	157	112	371	97	77	381	121	318	177	4	360	74	328	355	241	177	374	43	387	177	144	200	95	328	487	282	330	154	46	131	25	157	342	379	12	222	275	95	118	340	81	278	318	275	451	174	200	259	9	186	20	180	381	81	118	393	487	382	300	
230	121	177	131	369	222	25	272	118	118	6	365	412	330	446	12	446	388	262	282	139	20	144	398	81	338	154	355	118	177	230	20	139	110	495	174	495	393	451	379	139	177	12	139	112	57	381	101	118	401	444	340	56	487	393	139	240	393	118	330	374	342	282	374	407	412	174	110	97	448	263	12	446	330	112	381	139	487	43	355	407	152	282	46	246	57	25	174	
369	9	97	227	181	328	20	445	6	365	20	282	222	43	144	360	360	282	68	282	338	241	57	174	144	112	43	218	186	381	340	381	25	446	227	118	282	246	180	74	164	77	407	74	144	77	110	444	11	240	407	157	186	157	379	448	355	222	376	387	259	154	282	272	278	112	74	300	278	11	360	388	230	376	154	289	318	174	355	371	11	365	213	11	365	9	330	95	
393	379	200	387	451	46	131	139	342	360	110	342	282	154	278	132	262	213	275	74	365	278	11	448	451	101	346	360	4	387	43	369	446	227	222	132	460	387	355	154	355	263	406	222	121	174	177	263	289	460	118	360	393	101	365	46	445	177	451	181	97	174	300	164	97	388	407	222	495	157	387	236	379	46	376	460	482	446	278	177	365	4	371	401	328	154	369	241	
407	177	12	275	300	74	289	374	272	186	272	213	112	46	495	407	275	174	186	97	213	369	328	152	74	180	448	241	444	181	174	263	213	407	213	4	4	365	56	387	374	259	164	139	43	154	278	97	227	157	180	360	132	262	121	164	365	482	376	445	12	131	25	236	77	81	289	213	101	482	379	218	495	401	25	282	97	374	236	382	112	20	218	451	218	342	46	376	
56	278	346	451	9	262	230	43	154	328	407	230	230	112	112	401	186	6	43	365	263	393	388	382	154	369	388	318	227	407	365	74	11	131	381	68	263	365	446	222	282	56	398	180	164	95	144	338	272	139	139	112	230	379	4	97	381	236	110	318	387	448	263	81	157	330	460	444	401	181	448	11	342	355	164	118	263	448	213	365	460	365	11	101	393	74	365	154	
186	355	222	177	241	328	487	376	275	43	118	360	487	227	278	448	401	218	445	57	275	371	11	241	11	371	4	379	154	246	407	118	4	365	272	355	374	218	487	338	200	495	451	398	154	259	407	57	110	186	388	57	259	68	9	131	460	272	379	241	381	230	381	97	43	398	263	97	81	222	180	398	222	487	495	46	393	154	379	110	152	365	412	365	164	241	262	369	
369	487	213	118	360	262	444	412	398	300	371	448	374	282	164	262	300	376	272	318	369	444	446	152	213	118	77	177	365	68	360	236	371	445	369	9	376	318	81	236	164	381	360	275	346	46	330	448	132	318	77	180	25	406	230	218	227	376	278	487	369	495	56	200	360	56	74	398	154	289	388	97	177	77	139	12	263	460	131	181	259	118	56	482	236	77	259	330	
97	278	74	448	259	444	407	240	340	365	95	81	181	186	131	56	360	406	445	318	74	487	446	157	318	112	213	382	289	382	186	97	227	272	74	330	374	236	330	246	360	236	56	241	340	388	240	346	451	43	46	393	263	118	282	121	227	360	379	275	74	132	412	445	300	393	227	77	11	81	200	4	77	181	12	272	278	236	186	451	401	259	379	227	112	46	263	460	
300	446	186	241	355	388	387	382	154	289	388	180	376	20	246	12	164	374	300	164	282	412	376	263	97	57	388	240	11	401	110	482	112	4	282	369	213	360	97	132	46	369	20	97	68	68	340	4	379	338	57	365	164	218	381	328	6	340	381	360	81	300	446	174	139	371	180	213	95	240	81	342	139	374	121	448	379	181	387	57	275	381	174	144	227	346	259	262	
112	222	110	379	200	376	222	186	121	262	25	369	230	180	369	11	68	445	482	164	388	74	222	95	487	360	371	101	154	278	446	379	338	101	446	318	6	246	77	12	278	57	289	25	446	112	12	300	387	200	487	330	451	9	398	25	43	407	139	154	412	381	371	174	152	132	132	152	57	262	164	4	186	412	275	110	56	369	278	448	262	444	95	338	56	342	121	11	
398	200	118	346	300	460	355	444	11	406	446	398	369	371	379	387	118	157	451	222	460	282	227	460	340	97	186	77	487	355	12	81	376	482	9	401	300	446	382	360	330	376	97	200	95	246	259	387	328	342	365	275	74	241	445	371	338	482	213	131	406	46	139	131	365	12	282	241	236	328	360	164	97	43	240	144	97	379	338	132	275	110	132	374	9	272	25	259	
263	101	139	446	259	177	275	444	186	342	289	401	12	340	246	164	300	152	25	487	246	259	74	401	9	74	132	177	121	381	11	56	406	369	174	393	95	401	131	180	186	451	448	57	6	240	275	56	407	369	227	46	376	379	213	412	186	388	240	412	74	444	444	139	57	446	157	340	6	121	330	412	342	381	181	25	43	393	230	222	381	495	174	132	56	246	376	110	
246	365	401	213	342	374	318	230	4	12	398	374	275	118	144	57	12	240	300	381	180	318	57	43	121	11	144	157	289	460	388	4	68	230	56	365	95	240	272	164	412	342	445	77	164	139	382	338	445	374	342	346	56	77	56	132	289	56	365	46	262	101	445	379	259	132	186	174	318	259	68	56	451	144	157	376	460	12	330	57	406	412	110	460	240	112	132	101	
139	118	495	12	77	330	101	381	445	374	132	227	365	263	272	278	43	74	230	412	446	381	132	177	112	374	376	371	382	112	154	393	446	460	369	56	371	6	180	25	164	132	25	412	152	382	177	382	371	360	282	164	338	387	300	388	401	460	177	406	68	282	9	275	222	406	262	112	448	381	346	240	272	282	81	230	154	495	365	355	376	407	263	118	448	131	401	495	
174	407	381	112	388	240	157	154	139	376	186	186	444	376	43	200	379	230	387	154	448	4	11	365	154	81	95	11	282	186	355	46	460	4	4	289	236	412	144	43	180	272	121	12	382	186	213	398	318	330	77	346	139	495	365	342	230	278	95	338	131	164	227	451	25	230	241	374	289	213	460	97	365	272	379	236	132	406	213	95	398	230	406	259	495	11	275	144	
365	376	56	412	289	495	132	46	11	154	369	330	262	74	11	340	371	68	121	20	388	387	448	152	444	218	174	68	11	101	20	393	121	318	340	495	121	412	112	11	246	56	12	180	262	445	381	236	181	46	174	230	154	157	241	240	360	181	318	181	388	20	222	346	177	371	451	174	174	259	318	74	236	139	379	355	278	101	379	174	482	121	482	97	186	346	152	330	
131	230	236	387	460	406	186	218	342	121	121	236	200	412	213	365	379	487	388	412	236	340	387	388	25	9	240	12	460	131	177	338	4	144	177	213	272	369	110	77	200	451	139	487	382	230	131	495	200	407	340	177	56	412	272	263	448	95	74	360	374	95	132	360	144	446	132	56	369	272	369	262	262	12	369	154	346	56	95	4	365	97	360	11	227	241	4	346	
330	246	139	451	289	371	259	131	236	289	139	177	6	445	445	365	401	154	112	282	398	387	12	139	275	393	20	110	213	365	132	200	132	132	282	186	4	112	46	300	300	95	371	340	406	25	446	240	230	318	289	275	262	371	398	262	259	275	246	360	328	164	57	388	495	9	46	393	382	495	227	20	118	451	388	186	46	407	9	20	180	412	56	46	487	376	263	180	
200	300	444	374	446	240	230	186	218	451	407	482	132	241	382	118	369	259	46	289	379	97	365	407	246	381	374	300	365	6	360	112	6	25	342	164	272	282	157	328	180	407	263	482	25	56	272	451	460	398	444	6	181	139	355	448	43	74	95	177	81	272	154	9	12	186	101	379	157	68	451	387	259	81	12	101	318	218	355	218	445	121	482	369	338	213	444	180	
77	110	222	81	369	12	330	236	272	412	121	487	338	340	262	407	240	25	407	152	43	121	460	393	379	81	275	68	20	330	369	355	278	482	95	388	118	388	144	157	451	388	398	74	227	460	152	371	318	445	393	407	236	46	180	218	174	164	241	77	328	381	131	406	77	95	77	95	164	272	340	112	272	289	174	230	222	387	330	444	154	262	132	97	174	152	444	448	
446	330	246	282	342	340	272	43	139	157	406	68	263	74	101	282	218	57	180	77	388	401	241	11	381	139	186	240	230	289	278	236	342	74	25	278	346	282	282	68	6	318	11	278	369	340	379	112	177	11	275	460	213	393	144	56	365	174	174	20	74	446	460	487	446	240	112	4	365	360	230	68	110	81	487	218	382	152	355	376	374	382	246	9	241	12	282	387	
401	6	275	406	174	328	412	446	25	460	387	9	200	154	381	154	131	460	95	355	181	152	144	487	97	379	11	259	401	218	132	240	4	121	46	97	444	180	382	342	12	406	164	181	43	213	407	4	460	487	177	355	355	393	101	451	446	451	387	398	131	289	4	365	68	495	46	46	444	407	139	263	282	154	74	152	387	200	43	101	381	272	387	393	365	379	289	20	
152	275	131	56	381	278	11	393	222	346	25	407	482	227	46	246	112	340	355	25	180	132	200	382	482	95	81	121	110	398	275	77	451	74	495	398	371	68	81	218	56	213	275	20	180	406	263	393	9	338	181	222	446	227	330	407	241	118	360	342	346	371	289	77	154	12	230	101	157	371	448	338	365	448	181	487	43	360	263	213	180	200	57	445	406	407	4	446	
376	240	81	227	388	25	259	342	152	20	342	346	259	180	340	218	144	77	12	43	318	379	46	371	227	398	25	393	222	139	407	20	9	330	241	95	74	401	9	68	57	101	121	365	6	398	262	275	259	376	460	240	272	275	282	101	328	177	246	213	46	376	444	365	365	177	174	121	460	11	177	11	77	387	342	451	131	360	139	132	177	227	379	25	95	328	11	181	
387	152	407	393	218	95	263	460	12	365	444	340	338	451	460	200	393	68	9	46	445	81	131	444	387	340	278	318	164	56	382	495	272	68	444	154	132	262	342	152	121	157	444	222	355	131	365	152	20	157	110	230	222	181	97	25	446	371	152	446	81	186	144	278	398	6	487	369	56	77	275	6	112	154	460	388	132	360	118	444	241	262	318	9	406	300	154	56	
180	482	388	401	213	289	282	246	110	240	43	218	236	300	95	227	81	246	77	177	4	482	371	101	407	74	318	342	259	110	230	318	57	369	387	318	186	355	101	118	110	77	445	11	330	342	218	11	318	275	110	407	174	340	482	360	6	246	230	300	174	101	4	144	381	200	382	451	227	74	152	157	241	406	213	282	338	275	369	112	482	318	77	342	495	398	101	81	
118	101	340	369	318	338	300	482	387	328	77	406	174	200	236	236	101	56	446	278	406	218	393	200	213	487	154	365	388	444	9	46	200	406	77	371	81	371	451	174	360	376	282	154	200	460	230	25	346	412	374	68	180	328	6	360	262	487	20	20	144	77	213	406	318	278	398	381	300	240	263	406	365	57	139	379	388	342	328	407	152	177	144	445	401	487	68	121	
56	259	246	177	482	263	445	12	77	376	340	398	57	157	4	371	487	180	289	278	338	482	112	213	227	448	275	9	382	157	272	262	369	230	300	262	6	448	272	68	376	56	451	154	97	275	246	6	110	236	444	262	259	381	227	154	448	25	121	374	495	157	460	56	139	139	9	186	43	121	57	259	222	398	445	412	236	56	118	56	340	495	246	487	382	262	131	407	
56	401	387	263	382	330	482	451	174	101	74	263	81	376	95	460	222	181	382	6	338	445	445	12	406	374	20	369	46	406	12	398	374	246	451	227	262	236	406	154	77	330	369	56	275	275	164	282	46	275	278	131	487	11	200	236	401	374	95	342	118	406	154	157	369	174	346	482	186	446	112	222	289	259	74	43	388	346	236	393	74	227	482	445	154	346	118	177	
236	241	139	300	81	118	43	177	180	101	177	263	4	77	230	177	445	57	97	236	360	57	369	118	262	218	444	144	495	43	482	446	11	355	263	139	369	11	275	451	97	328	180	81	110	20	11	289	56	406	227	393	222	263	241	379	230	338	460	11	376	451	482	95	374	56	393	448	144	4	20	68	180	300	110	4	101	240	495	46	246	11	118	300	101	222	275	275	
110	355	371	121	164	110	68	236	382	360	263	482	240	263	230	43	154	112	445	46	365	342	371	388	272	152	246	330	6	144	382	81	241	118	401	118	139	263	272	43	388	95	387	222	387	77	218	381	20	74	74	371	379	43	365	388	9	56	227	222	338	387	338	186	9	338	346	275	152	213	222	6	300	376	445	381	355	282	230	460	275	97	259	369	338	174	68	121	
448	263	318	222	68	132	101	300	95	382	482	445	246	57	95	382	68	374	406	181	376	81	346	482	482	272	131	482	282	482	340	346	222	401	282	81	152	382	218	342	340	444	139	262	379	482	263	218	342	328	180	282	112	81	240	4	460	213	445	379	154	381	222	346	181	275	240	381	101	236	118	154	275	97	186	381	393	401	460	139	495	365	407	9	460	338	180	25	
97	25	318	222	371	6	338	387	57	46	272	300	121	376	300	121	263	262	388	230	157	246	406	144	381	412	338	451	393	263	157	57	398	369	282	448	118	272	338	43	110	95	393	25	180	132	181	278	11	157	112	139	101	77	154	230	154	240	393	482	154	9	412	369	25	406	262	101	174	275	340	412	482	20	241	139	401	460	388	365	20	398	445	132	412	56	448	487	
157	132	77	6	222	177	278	365	406	164	406	227	20	230	230	20	241	181	43	43	200	338	401	227	365	154	360	9	121	487	174	121	11	164	180	241	240	43	97	218	381	20	144	180	263	328	398	381	12	20	181	101	241	330	9	95	180	272	381	11	342	241	56	227	282	328	81	11	246	121	230	346	444	81	152	263	263	487	25	338	398	387	445	282	387	446	95	56	
213	25	376	25	246	330	278	445	412	446	227	330	174	406	46	381	365	25	346	482	213	101	263	365	444	131	342	340	154	355	355	495	374	164	318	387	360	330	318	445	121	482	180	213	230	369	227	412	330	275	57	259	110	388	240	360	230	9	376	300	241	68	57	406	101	387	369	379	56	240	412	275	43	144	262	240	164	241	275	132	275	365	57	282	241	259	259	381	
200	482	152	376	101	6	74	110	445	139	95	371	388	342	272	227	369	371	382	262	330	101	181	9	186	43	369	318	74	272	374	487	139	144	46	180	157	6	407	374	174	4	272	282	240	407	227	275	20	9	318	9	25	342	139	152	262	181	121	110	154	81	74	444	382	379	118	57	406	482	241	164	227	139	460	388	272	101	230	101	95	371	241	446	25	180	382	81	
263	338	77	222	177	259	180	263	74	246	246	112	25	387	95	448	77	6	56	263	25	330	451	131	262	407	340	246	12	263	445	365	56	112	365	365	330	164	275	340	121	448	152	97	81	300	282	246	379	144	346	77	263	262	278	376	230	445	213	338	401	152	200	444	398	482	369	11	365	382	222	278	365	181	487	132	227	401	118	20	365	393	282	330	110	381	95	132	
460	330	121	445	374	112	338	406	342	227	97	412	110	355	346	275	328	174	101	20	110	97	20	371	81	9	11	448	388	387	318	20	132	222	218	154	4	406	330	20	406	262	174	180	272	374	81	132	388	259	412	186	12	139	164	338	448	81	186	444	495	230	289	186	157	186	387	376	9	139	11	340	376	139	346	157	495	222	186	132	121	57	222	43	387	388	164	282	
407	382	186	355	382	401	74	369	180	222	101	460	121	77	388	186	57	401	101	6	407	112	241	278	355	371	448	236	379	218	360	181	43	278	132	371	164	118	241	139	112	495	381	318	6	6	20	222	25	300	4	278	369	381	401	369	181	57	4	200	340	371	46	144	246	222	482	218	101	259	365	81	369	318	157	110	157	132	181	218	376	460	376	97	181	406	382	407	
157	68	289	407	230	330	369	444	144	300	57	222	222	97	218	369	121	177	451	412	25	381	360	200	379	240	282	259	365	381	355	236	371	112	376	186	328	77	406	407	371	240	412	57	112	43	177	236	374	495	272	460	379	374	236	388	393	318	240	379	346	174	448	369	95	230	81	240	278	487	262	330	12	230	445	4	398	144	338	406	236	236	230	446	278	6	328	46	
340	144	97	444	444	412	406	200	57	112	289	236	445	218	177	246	164	330	381	97	213	218	328	482	371	218	376	11	152	278	56	369	338	262	152	444	262	289	12	398	74	46	495	95	112	275	121	240	376	340	186	487	46	338	342	282	154	379	330	200	218	272	412	43	112	246	393	289	495	340	4	387	259	393	157	164	157	230	448	4	495	131	152	262	95	272	289	132	
4	74	318	101	448	180	388	180	57	482	152	230	68	446	451	278	9	338	259	9	144	180	446	164	371	412	393	328	25	495	157	387	164	448	387	57	387	376	365	259	180	131	445	300	121	131	56	460	374	393	328	6	152	289	177	381	118	275	6	272	246	57	240	382	95	11	164	262	360	406	328	43	495	451	9	157	186	387	131	200	154	393	495	338	236	376	338	407	
282	180	338	360	200	355	77	318	177	365	12	177	218	241	240	81	11	412	495	460	330	342	186	227	186	200	371	318	300	77	241	451	318	4	448	77	342	246	448	56	56	213	355	360	74	460	342	11	340	318	398	11	272	157	246	112	376	398	371	246	398	448	174	241	371	177	263	262	259	381	6	338	406	338	154	259	6	180	282	369	451	9	482	121	263	177	495	181	
131	200	388	68	164	121	371	282	112	157	240	448	200	4	495	154	121	246	118	240	227	56	95	186	112	318	340	289	365	374	131	4	174	262	154	393	110	25	236	374	272	495	97	451	164	407	174	139	382	57	46	218	495	132	74	381	144	381	448	200	186	278	482	101	259	376	157	360	57	174	177	222	401	387	388	230	240	393	374	181	213	230	387	118	95	131	57	152	
460	328	328	131	97	460	401	460	6	240	275	318	282	56	369	374	379	300	246	77	95	371	355	177	398	446	25	186	451	360	110	121	444	4	77	12	4	177	95	445	451	180	174	227	379	236	393	218	263	482	282	381	177	412	355	398	382	218	97	241	227	460	446	236	246	74	139	12	355	407	11	186	289	365	81	374	482	46	241	381	12	388	81	181	451	121	262	112	
157	132	387	371	236	365	57	460	300	346	174	445	369	448	97	446	154	110	200	487	371	406	338	338	25	379	11	240	360	56	328	412	25	241	230	278	227	330	342	20	300	445	186	112	379	444	154	460	12	222	25	132	180	495	282	289	74	181	57	110	328	446	131	482	20	180	177	448	164	289	200	101	95	110	328	56	46	164	448	360	282	152	46	401	330	74	275	57	
164	355	445	278	236	451	448	376	275	154	95	246	328	278	371	412	412	112	118	95	318	222	4	240	74	460	444	180	300	278	381	112	230	218	157	346	121	68	318	259	110	371	406	180	393	448	278	177	74	174	401	6	318	381	275	451	374	181	177	154	46	275	174	181	382	157	144	381	112	241	487	139	43	68	328	318	227	318	56	20	487	487	393	112	222	236	259	318	
495	346	382	374	177	236	20	355	387	448	360	131	57	186	164	355	495	289	164	77	241	230	379	186	246	77	240	371	371	272	406	365	444	340	374	340	12	393	444	241	338	180	263	6	381	401	157	152	246	154	95	393	444	407	246	222	95	487	101	112	371	222	371	300	77	97	451	164	448	43	121	369	445	4	118	131	152	97	97	230	152	262	68	387	118	101	230	371	
272	177	369	406	388	81	110	218	144	131	4	412	9	262	230	177	340	20	81	213	278	387	328	365	460	446	68	444	340	118	393	110	230	110	495	374	4	95	77	157	382	180	144	101	144	43	118	57	371	95	241	338	259	112	12	376	262	97	241	227	445	118	95	95	181	200	398	246	56	4	213	401	144	328	200	374	398	371	482	43	241	227	241	407	213	101	230	95	
272	25	388	157	282	300	355	74	446	446	487	157	81	381	131	355	330	200	360	4	393	68	110	328	371	289	300	186	482	387	121	25	355	6	241	398	355	164	446	374	369	406	263	278	213	9	236	374	152	186	97	121	482	355	374	445	275	369	407	388	448	97	6	388	236	381	374	393	230	177	246	227	218	272	230	338	227	230	487	241	259	444	180	157	360	97	262	393	
68	236	365	282	289	275	401	401	56	240	12	132	495	25	200	180	369	272	101	412	186	154	444	240	180	227	369	382	355	139	355	132	230	11	56	6	236	263	412	495	448	68	227	289	97	213	495	154	74	369	132	95	74	412	241	154	495	406	482	110	379	482	77	330	445	289	157	157	300	401	236	289	387	57	412	445	218	152	154	222	379	275	121	259	95	213	487	275	
262	81	20	338	139	236	227	371	186	181	177	346	186	398	381	57	330	340	448	46	152	95	186	97	445	278	236	275	360	275	144	406	289	460	446	318	112	369	222	112	246	259	112	4	393	154	446	388	112	101	81	20	112	240	444	406	382	446	460	57	446	360	121	379	152	12	81	346	110	240	318	164	81	241	346	131	110	328	346	451	355	289	131	77	97	154	152	11	
77	407	393	407	369	300	174	318	259	340	246	365	4	360	272	131	12	121	376	240	487	132	278	278	263	451	46	25	289	330	74	12	12	56	451	382	365	406	376	382	406	376	387	482	448	97	401	4	300	460	97	222	240	451	157	57	263	56	218	177	222	369	200	157	338	97	446	365	230	218	445	401	398	263	398	495	448	388	181	25	144	446	186	139	278	412	275	240	
446	371	46	338	328	460	181	406	132	181	112	446	330	230	381	236	360	20	412	393	300	218	398	46	407	330	398	154	236	43	318	374	131	444	328	382	43	393	46	164	263	451	262	401	177	278	365	340	9	246	110	263	118	342	369	180	240	6	448	289	110	330	406	154	6	181	371	381	218	112	365	338	330	381	379	236	393	342	346	407	259	152	213	43	412	282	230	186	
278	132	144	20	355	240	340	164	278	406	272	218	77	144	25	56	121	177	446	371	338	57	81	20	460	57	9	401	445	177	25	381	406	174	57	157	144	230	446	330	460	382	262	388	6	213	482	97	43	282	371	371	445	11	340	118	186	218	20	236	240	200	444	56	360	218	342	346	230	338	200	110	81	318	4	376	355	186	240	388	340	374	230	154	393	346	381	174	
330	382	259	382	412	139	365	227	328	230	121	25	97	121	57	342	110	236	241	9	482	200	263	278	180	388	278	74	318	278	68	180	101	376	132	174	360	398	25	20	43	81	230	118	101	181	118	241	412	340	46	487	318	487	174	444	360	371	118	382	446	200	110	20	74	355	278	263	164	272	346	241	218	132	241	448	101	11	74	240	236	4	289	157	101	246	240	360	
241	95	406	213	374	186	118	374	487	272	110	77	132	77	6	278	451	376	346	241	393	412	381	282	387	259	401	97	132	181	174	398	77	300	6	241	376	355	12	398	56	121	241	388	376	401	131	20	272	387	4	240	369	406	379	289	328	132	112	181	272	77	25	9	74	246	25	371	282	482	387	57	131	407	338	200	68	152	11	132	338	382	139	121	300	272	340	379	
81	164	4	241	448	240	241	259	56	180	139	376	272	388	43	186	81	4	57	154	289	382	278	318	263	381	388	112	330	401	379	259	180	360	393	68	12	393	369	95	376	259	144	412	300	97	259	97	444	446	398	57	227	318	144	289	46	95	446	406	20	382	401	360	487	112	144	278	95	401	46	6	446	81	68	460	222	282	95	6	446	355	236	25	56	374	360	275	
412	407	112	407	118	289	342	213	132	101	346	200	152	445	401	342	236	259	12	121	25	154	97	360	487	152	342	152	445	340	11	227	241	227	262	9	448	181	164	177	259	448	448	381	328	6	139	56	12	278	236	25	236	180	139	387	218	121	318	393	57	74	112	451	246	154	101	240	118	272	236	262	118	121	482	374	338	131	77	20	379	272	369	278	360	282	131	6	
200	230	110	412	12	174	112	328	338	131	371	164	12	278	218	97	43	222	401	338	97	227	174	379	200	360	68	445	376	487	412	227	222	407	177	371	318	112	74	340	407	346	95	340	213	278	174	365	46	240	74	487	342	330	382	227	222	407	445	338	262	360	398	6	262	181	154	487	387	346	97	387	379	241	246	446	444	381	371	11	382	330	110	406	412	371	495	360	
289	318	407	101	56	56	180	4	154	152	401	448	9	152	186	186	263	68	371	259	340	495	374	388	495	230	74	118	12	110	218	12	227	300	154	25	112	11	25	152	374	330	68	177	236	369	240	338	346	262	200	97	360	121	186	246	131	46	393	227	25	282	110	46	342	20	495	241	448	240	382	200	164	240	95	110	240	407	338	46	97	495	407	318	495	495	112	401	
406	328	355	451	152	272	365	74	460	388	144	46	132	68	174	338	154	181	157	446	9	97	144	240	330	398	330	263	25	131	154	446	12	132	222	81	74	218	412	241	131	346	181	218	118	131	282	365	4	181	57	4	401	444	406	4	43	240	174	144	365	240	382	495	262	81	218	154	340	213	97	263	152	487	272	9	398	152	236	164	398	495	157	379	444	382	355	164	
487	25	20	393	6	407	369	6	259	263	25	412	445	369	262	346	101	275	346	300	272	77	118	181	360	139	278	97	355	236	77	388	81	482	445	46	131	246	446	81	446	300	152	365	340	177	236	272	77	451	259	407	387	387	95	495	77	174	177	487	139	186	200	56	300	340	74	180	340	97	393	401	355	275	282	177	401	275	110	398	230	444	407	444	278	388	412	9	
213	81	376	360	330	259	227	230	445	487	340	46	448	487	46	57	263	118	387	446	101	186	241	144	6	213	139	275	445	218	74	398	43	328	81	152	388	369	460	379	180	218	157	110	222	164	118	222	275	259	328	328	81	200	330	342	121	360	95	174	180	68	230	236	74	318	300	9	68	112	74	181	445	401	132	342	144	338	121	164	213	56	77	289	57	330	371	379	
157	11	381	342	240	318	222	355	118	241	6	300	181	406	448	186	451	300	382	272	43	12	387	289	379	74	200	6	131	275	9	382	381	446	236	131	398	46	412	263	177	328	213	382	342	95	381	487	144	374	387	406	381	81	272	318	448	20	236	9	11	200	56	11	401	482	46	407	401	487	12	46	139	6	68	365	131	369	376	97	57	263	56	95	154	6	406	328	
186	330	110	25	180	374	272	398	342	164	6	446	227	371	25	460	157	387	241	74	240	57	401	262	318	275	12	272	218	393	401	81	495	381	9	272	444	444	263	289	451	222	200	4	181	445	180	371	144	259	46	68	259	448	174	186	110	74	144	412	11	246	444	154	282	365	9	406	246	338	460	241	393	164	230	482	110	318	77	487	272	222	46	174	282	68	6	412	
388	259	246	376	241	180	43	263	338	43	241	289	68	412	330	451	131	240	365	25	360	139	289	112	318	68	262	262	12	43	398	177	388	9	278	139	20	444	132	101	246	387	186	246	97	152	262	382	360	412	152	382	482	445	460	379	154	121	412	401	275	444	236	112	68	181	81	186	407	174	365	275	68	186	81	20	300	300	200	12	387	227	74	101	300	300	275	346	
263	412	240	275	236	371	112	131	272	131	68	387	318	241	444	318	9	236	388	180	412	132	289	388	97	318	200	230	241	282	446	275	482	259	340	495	152	262	9	393	262	240	278	259	482	132	444	318	278	246	118	213	406	487	406	139	275	81	318	371	46	97	275	374	393	371	374	43	112	240	487	174	110	132	132	132	360	401	74	246	121	282	139	401	272	218	236	200	
