1.20826997223913
0.528639935142748
0.449442670704014
1.60508868532045
0.529957838800648
1.56777970674917
0.547156786635674
0.633117138959375
0.716969347113048
1.32355823257198
0.168216766450249
1.17350146335553
0.600067129088903
0.283878138438253
0.462574885390499
0.830245659105877
1.97885648079888
1.87933161960725
0.679090396678316
0.239891076709676
1.02138180168236
0.372984562059414
0.498279620433027
0.296298383638939
1.39737975150682
0.790226079453825
0.261671845187129
1.02518289276147
1.12619826706363
1.31666972154226
0.780602387303582
0.784451708695239
1.89144971286172
0.412058548055862
0.548453226881003
0.33948320834332
0.601224235319467
0.206363591440522
1.37172400451958
0.589138411639721
1.03353510983675
1.12807460728045
0.471448624981336
0.914871157066417
0.853340512982393
0.90499531498998
0.821215377422872
0.135537035627586
0.0580337565667463
0.153762095792757
0.589310785415148
0.370742683047679
0.631981270608674
0.247844082500696
0.500633913925995
0.49243706369706
0.166063554202661
0.659471648147912
0.438749798955981
0.84102322869514
0.728880569189833
0.358004915677494
0.32885001088578
0.280065158019174
0.395203525790228
1.15078518608692
1.08358858363828
0.157106436977633
0.570599796740618
1.74135401267577
0.815249477026634
0.62253353645699
1.79947384152549
0.498329396725916
0.398313959827258
0.207006399377548
0.182232127336501
0.786570204427649
0.576462194903745
0.440391243567397
0.629460207788965
0.253662010509599
0.601567437812409
0.510685869818893
1.10172952017703
1.23075521913517
0.800019652577249
0.241693855327561
0.845408278294663
0.477055163636775
3.20577629732564
0.857754238668973
1.00835780075868
0.605192312375148
1.54220048307864
0.325834910968443
0.65239642556856
0.260316350198922
0.595358917887106
0.112315634232239
0.398679439924696
0.601133975363089
0.565882076960733
0.945881522466872
0.992733850453241
1.08904366092378
0.0334533968479104
1.90451726861415
1.11062327046659
1.45002779910029
0.247844336726665
1.17775397774536
1.05437623325003
0.339876595808698
0.456363120603483
0.66602720383852
1.26756848068806
1.05027383792847
0.534726835295606
0.397778621737757
0.308590998130852
0.764965722164578
0.360950581304017
0.490442564349095
1.23793407333225
0.166449397105623
0.613744466205909
0.317927364039671
0.230640755417508
0.552001447941907
0.671432011372606
1.38898004341018
0.21511813550084
0.895899381251735
0.438787681340082
1.41124913516575
0.492356751357291
0.773886258521217
0.673331023485652
0.944588702071268
0.451326938122636
1.13128587100734
0.984819750941025
0.23757083544687
0.594887924625313
0.590356377071005
0.336716099470149
0.417878782088143
1.29862854497833
1.11055689135096
0.298766193924912
0.212744611784673
0.103448676993956
0.61685317818307
0.208403503480677
0.857781765126974
0.222319122602045
1.39324883389359
0.521228030484475
1.29807464136032
1.10563738443315
0.437949908099202
0.596413384907684
0.621369485339544
0.724343853957282
0.239381226898824
1.21432917050999
0.68445983345847
2.21666949614362
0.547978327424026
0.680045289852867
1.19514637096855
0.613086735723673
0.114862500539452
0.444595483493688
0.343774352436463
0.831471329881437
0.863014938277056
0.308660578709585
1.04964654503627
1.68691853012738
1.09588702758976
0.0563868118400649
0.154329212432622
0.0385761815908369
0.142432899635339
0.458972372815369
0.328567196939725
2.20959013640503
0.296559108178235
2.1168504293624
0.992365979441873
0.887423618156639
0.493598310701936
2.1001387690603
0.105696563665478
0.805707571357332
0.903286282681632
1.00136576787238
1.57395766142658
0.609932138682974
0.582622280898241
0.00366247369975433
0.0191203044085859
0.0182035250468528
0.218897385639845
0.32833862798275
0.217153260634663
0.236824930580714
0.103131524967685
0.967760211546129
0.707708754649812
0.0248424149165304
0.00220985334062003
0.0181499279178097
0.0181499279178097
0.0181499279178097
0.0181499279178097
0.0181499279178097
0.048587351573742
0.048587351573742
0.048587351573742
0.048587351573742
0.048587351573742
0.048587351573742
0.048587351573742
0.048587351573742
0.048587351573742
0.048587351573742
0.048587351573742
0.048587351573742
0.048587351573742
0.048587351573742
0.048587351573742
0.048587351573742
0.048587351573742
0.048587351573742
0.048587351573742
0.048587351573742
0.048587351573742
0.048587351573742
0.048587351573742
0.048587351573742
0.048587351573742
