0.0519676521648128	0.0519676521648128	0.0519676521648128	0.0519676521648128	0.0519676521648128	0.0519676521648128	0.0519676521648128	0.0519676521648128	0.0519676521648128	0.0519676521648128	0.0519676521648128	0.0519676521648128	0.0519676521648128	0.0519676521648128	0.0519676521648128	0.0519676521648128	0.0519676521648128	0.0519676521648128	0.0519676521648128	0.0519676521648128	0.0519676521648128	0.0519676521648128
0.0995424408273458	0.0995424408273458	0.0995424408273458	0.0995424408273458	0.0995424408273458	0.0995424408273458	0.0995424408273458	0.0995424408273458	0.0995424408273458	0.0995424408273458	0.0995424408273458	0.0995424408273458	0.0995424408273458	0.0995424408273458	0.0995424408273458	0.0995424408273458	0.0995424408273458	0.0995424408273458	0.0995424408273458	0.0995424408273458	0.0995424408273458	0.0995424408273458
0.000466627691937105	0.000466627691937105	0.000466627691937105	0.000466627691937105	0.000466627691937105	0.000466627691937105	0.000466627691937105	0.000466627691937105	0.000466627691937105	0.000466627691937105	0.000466627691937105	0.000466627691937105	0.000466627691937105	0.000466627691937105	0.000466627691937105	0.000466627691937105	0.000466627691937105	0.000466627691937105	0.000466627691937105	0.000466627691937105	0.000466627691937105	0.000466627691937105
0.0948773759209241	0.0948773759209241	0.0948773759209241	0.0948773759209241	0.0948773759209241	0.0948773759209241	0.0948773759209241	0.0948773759209241	0.0948773759209241	0.0948773759209241	0.0948773759209241	0.0948773759209241	0.0948773759209241	0.0948773759209241	0.0948773759209241	0.0948773759209241	0.0948773759209241	0.0948773759209241	0.0948773759209241	0.0948773759209241	0.0948773759209241	0.0948773759209241
0.000111615691030043	0.000111615691030043	0.000111615691030043	0.000111615691030043	0.000111615691030043	0.000111615691030043	0.000111615691030043	0.000111615691030043	0.000111615691030043	0.000111615691030043	0.000111615691030043	0.000111615691030043	0.000111615691030043	0.000111615691030043	0.000111615691030043	0.000111615691030043	0.000111615691030043	0.000111615691030043	0.000111615691030043	0.000111615691030043	0.000111615691030043	0.000111615691030043
0.00234783850569958	0.00234783850569958	0.00234783850569958	0.00234783850569958	0.00234783850569958	0.00234783850569958	0.00234783850569958	0.00234783850569958	0.00234783850569958	0.00234783850569958	0.00234783850569958	0.00234783850569958	0.00234783850569958	0.00234783850569958	0.00234783850569958	0.00234783850569958	0.00234783850569958	0.00234783850569958	0.00234783850569958	0.00234783850569958	0.00234783850569958	0.00234783850569958
0.00185558147824768	0.00185558147824768	0.00185558147824768	0.00185558147824768	0.00185558147824768	0.00185558147824768	0.00185558147824768	0.00185558147824768	0.00185558147824768	0.00185558147824768	0.00185558147824768	0.00185558147824768	0.00185558147824768	0.00185558147824768	0.00185558147824768	0.00185558147824768	0.00185558147824768	0.00185558147824768	0.00185558147824768	0.00185558147824768	0.00185558147824768	0.00185558147824768
0.0267838426351001	0.0267838426351001	0.0267838426351001	0.0267838426351001	0.0267838426351001	0.0267838426351001	0.0267838426351001	0.0267838426351001	0.0267838426351001	0.0267838426351001	0.0267838426351001	0.0267838426351001	0.0267838426351001	0.0267838426351001	0.0267838426351001	0.0267838426351001	0.0267838426351001	0.0267838426351001	0.0267838426351001	0.0267838426351001	0.0267838426351001	0.0267838426351001
0.101622850170058	0.101622850170058	0.101622850170058	0.101622850170058	0.101622850170058	0.101622850170058	0.101622850170058	0.101622850170058	0.101622850170058	0.101622850170058	0.101622850170058	0.101622850170058	0.101622850170058	0.101622850170058	0.101622850170058	0.101622850170058	0.101622850170058	0.101622850170058	0.101622850170058	0.101622850170058	0.101622850170058	0.101622850170058
9.10561251103188e-05	9.10561251103188e-05	9.10561251103188e-05	9.10561251103188e-05	9.10561251103188e-05	9.10561251103188e-05	9.10561251103188e-05	9.10561251103188e-05	9.10561251103188e-05	9.10561251103188e-05	9.10561251103188e-05	9.10561251103188e-05	9.10561251103188e-05	9.10561251103188e-05	9.10561251103188e-05	9.10561251103188e-05	9.10561251103188e-05	9.10561251103188e-05	9.10561251103188e-05	9.10561251103188e-05	9.10561251103188e-05	9.10561251103188e-05
0.0170141741872243	0.0170141741872243	0.0170141741872243	0.0170141741872243	0.0170141741872243	0.0170141741872243	0.0170141741872243	0.0170141741872243	0.0170141741872243	0.0170141741872243	0.0170141741872243	0.0170141741872243	0.0170141741872243	0.0170141741872243	0.0170141741872243	0.0170141741872243	0.0170141741872243	0.0170141741872243	0.0170141741872243	0.0170141741872243	0.0170141741872243	0.0170141741872243
0.0173438292953657	0.0173438292953657	0.0173438292953657	0.0173438292953657	0.0173438292953657	0.0173438292953657	0.0173438292953657	0.0173438292953657	0.0173438292953657	0.0173438292953657	0.0173438292953657	0.0173438292953657	0.0173438292953657	0.0173438292953657	0.0173438292953657	0.0173438292953657	0.0173438292953657	0.0173438292953657	0.0173438292953657	0.0173438292953657	0.0173438292953657	0.0173438292953657
0.000544400509558621	0.000544400509558621	0.000544400509558621	0.000544400509558621	0.000544400509558621	0.000544400509558621	0.000544400509558621	0.000544400509558621	0.000544400509558621	0.000544400509558621	0.000544400509558621	0.000544400509558621	0.000544400509558621	0.000544400509558621	0.000544400509558621	0.000544400509558621	0.000544400509558621	0.000544400509558621	0.000544400509558621	0.000544400509558621	0.000544400509558621	0.000544400509558621
0.0100201668139218	0.0100201668139218	0.0100201668139218	0.0100201668139218	0.0100201668139218	0.0100201668139218	0.0100201668139218	0.0100201668139218	0.0100201668139218	0.0100201668139218	0.0100201668139218	0.0100201668139218	0.0100201668139218	0.0100201668139218	0.0100201668139218	0.0100201668139218	0.0100201668139218	0.0100201668139218	0.0100201668139218	0.0100201668139218	0.0100201668139218	0.0100201668139218
0.0436881316198402	0.0436881316198402	0.0436881316198402	0.0436881316198402	0.0436881316198402	0.0436881316198402	0.0436881316198402	0.0436881316198402	0.0436881316198402	0.0436881316198402	0.0436881316198402	0.0436881316198402	0.0436881316198402	0.0436881316198402	0.0436881316198402	0.0436881316198402	0.0436881316198402	0.0436881316198402	0.0436881316198402	0.0436881316198402	0.0436881316198402	0.0436881316198402
0.13479731090701	0.13479731090701	0.13479731090701	0.13479731090701	0.13479731090701	0.13479731090701	0.13479731090701	0.13479731090701	0.13479731090701	0.13479731090701	0.13479731090701	0.13479731090701	0.13479731090701	0.13479731090701	0.13479731090701	0.13479731090701	0.13479731090701	0.13479731090701	0.13479731090701	0.13479731090701	0.13479731090701	0.13479731090701
0.0702099894438468	0.0702099894438468	0.0702099894438468	0.0702099894438468	0.0702099894438468	0.0702099894438468	0.0702099894438468	0.0702099894438468	0.0702099894438468	0.0702099894438468	0.0702099894438468	0.0702099894438468	0.0702099894438468	0.0702099894438468	0.0702099894438468	0.0702099894438468	0.0702099894438468	0.0702099894438468	0.0702099894438468	0.0702099894438468	0.0702099894438468	0.0702099894438468
0.00074990822144669	0.00074990822144669	0.00074990822144669	0.00074990822144669	0.00074990822144669	0.00074990822144669	0.00074990822144669	0.00074990822144669	0.00074990822144669	0.00074990822144669	0.00074990822144669	0.00074990822144669	0.00074990822144669	0.00074990822144669	0.00074990822144669	0.00074990822144669	0.00074990822144669	0.00074990822144669	0.00074990822144669	0.00074990822144669	0.00074990822144669	0.00074990822144669
0.00254786004774223	0.00254786004774223	0.00254786004774223	0.00254786004774223	0.00254786004774223	0.00254786004774223	0.00254786004774223	0.00254786004774223	0.00254786004774223	0.00254786004774223	0.00254786004774223	0.00254786004774223	0.00254786004774223	0.00254786004774223	0.00254786004774223	0.00254786004774223	0.00254786004774223	0.00254786004774223	0.00254786004774223	0.00254786004774223	0.00254786004774223	0.00254786004774223
0.00527696863562161	0.00527696863562161	0.00527696863562161	0.00527696863562161	0.00527696863562161	0.00527696863562161	0.00527696863562161	0.00527696863562161	0.00527696863562161	0.00527696863562161	0.00527696863562161	0.00527696863562161	0.00527696863562161	0.00527696863562161	0.00527696863562161	0.00527696863562161	0.00527696863562161	0.00527696863562161	0.00527696863562161	0.00527696863562161	0.00527696863562161	0.00527696863562161
0.0556704261564895	0.0556704261564895	0.0556704261564895	0.0556704261564895	0.0556704261564895	0.0556704261564895	0.0556704261564895	0.0556704261564895	0.0556704261564895	0.0556704261564895	0.0556704261564895	0.0556704261564895	0.0556704261564895	0.0556704261564895	0.0556704261564895	0.0556704261564895	0.0556704261564895	0.0556704261564895	0.0556704261564895	0.0556704261564895	0.0556704261564895	0.0556704261564895
0.0101960598816328	0.0101960598816328	0.0101960598816328	0.0101960598816328	0.0101960598816328	0.0101960598816328	0.0101960598816328	0.0101960598816328	0.0101960598816328	0.0101960598816328	0.0101960598816328	0.0101960598816328	0.0101960598816328	0.0101960598816328	0.0101960598816328	0.0101960598816328	0.0101960598816328	0.0101960598816328	0.0101960598816328	0.0101960598816328	0.0101960598816328	0.0101960598816328
0.000911253824654046	0.000911253824654046	0.000911253824654046	0.000911253824654046	0.000911253824654046	0.000911253824654046	0.000911253824654046	0.000911253824654046	0.000911253824654046	0.000911253824654046	0.000911253824654046	0.000911253824654046	0.000911253824654046	0.000911253824654046	0.000911253824654046	0.000911253824654046	0.000911253824654046	0.000911253824654046	0.000911253824654046	0.000911253824654046	0.000911253824654046	0.000911253824654046
0.00895079986252179	0.00895079986252179	0.00895079986252179	0.00895079986252179	0.00895079986252179	0.00895079986252179	0.00895079986252179	0.00895079986252179	0.00895079986252179	0.00895079986252179	0.00895079986252179	0.00895079986252179	0.00895079986252179	0.00895079986252179	0.00895079986252179	0.00895079986252179	0.00895079986252179	0.00895079986252179	0.00895079986252179	0.00895079986252179	0.00895079986252179	0.00895079986252179
0.0379353746544792	0.0379353746544792	0.0379353746544792	0.0379353746544792	0.0379353746544792	0.0379353746544792	0.0379353746544792	0.0379353746544792	0.0379353746544792	0.0379353746544792	0.0379353746544792	0.0379353746544792	0.0379353746544792	0.0379353746544792	0.0379353746544792	0.0379353746544792	0.0379353746544792	0.0379353746544792	0.0379353746544792	0.0379353746544792	0.0379353746544792	0.0379353746544792
0.00298744581409749	0.00298744581409749	0.00298744581409749	0.00298744581409749	0.00298744581409749	0.00298744581409749	0.00298744581409749	0.00298744581409749	0.00298744581409749	0.00298744581409749	0.00298744581409749	0.00298744581409749	0.00298744581409749	0.00298744581409749	0.00298744581409749	0.00298744581409749	0.00298744581409749	0.00298744581409749	0.00298744581409749	0.00298744581409749	0.00298744581409749	0.00298744581409749
0.0388077254480514	0.0388077254480514	0.0388077254480514	0.0388077254480514	0.0388077254480514	0.0388077254480514	0.0388077254480514	0.0388077254480514	0.0388077254480514	0.0388077254480514	0.0388077254480514	0.0388077254480514	0.0388077254480514	0.0388077254480514	0.0388077254480514	0.0388077254480514	0.0388077254480514	0.0388077254480514	0.0388077254480514	0.0388077254480514	0.0388077254480514	0.0388077254480514
0.197546897104319	0.197546897104319	0.197546897104319	0.197546897104319	0.197546897104319	0.197546897104319	0.197546897104319	0.197546897104319	0.197546897104319	0.197546897104319	0.197546897104319	0.197546897104319	0.197546897104319	0.197546897104319	0.197546897104319	0.197546897104319	0.197546897104319	0.197546897104319	0.197546897104319	0.197546897104319	0.197546897104319	0.197546897104319
0.00100723790080653	0.00100723790080653	0.00100723790080653	0.00100723790080653	0.00100723790080653	0.00100723790080653	0.00100723790080653	0.00100723790080653	0.00100723790080653	0.00100723790080653	0.00100723790080653	0.00100723790080653	0.00100723790080653	0.00100723790080653	0.00100723790080653	0.00100723790080653	0.00100723790080653	0.00100723790080653	0.00100723790080653	0.00100723790080653	0.00100723790080653	0.00100723790080653
0.00434323598563044	0.00434323598563044	0.00434323598563044	0.00434323598563044	0.00434323598563044	0.00434323598563044	0.00434323598563044	0.00434323598563044	0.00434323598563044	0.00434323598563044	0.00434323598563044	0.00434323598563044	0.00434323598563044	0.00434323598563044	0.00434323598563044	0.00434323598563044	0.00434323598563044	0.00434323598563044	0.00434323598563044	0.00434323598563044	0.00434323598563044	0.00434323598563044
0.0645765504073547	0.0645765504073547	0.0645765504073547	0.0645765504073547	0.0645765504073547	0.0645765504073547	0.0645765504073547	0.0645765504073547	0.0645765504073547	0.0645765504073547	0.0645765504073547	0.0645765504073547	0.0645765504073547	0.0645765504073547	0.0645765504073547	0.0645765504073547	0.0645765504073547	0.0645765504073547	0.0645765504073547	0.0645765504073547	0.0645765504073547	0.0645765504073547
0.000390828758687008	0.000390828758687008	0.000390828758687008	0.000390828758687008	0.000390828758687008	0.000390828758687008	0.000390828758687008	0.000390828758687008	0.000390828758687008	0.000390828758687008	0.000390828758687008	0.000390828758687008	0.000390828758687008	0.000390828758687008	0.000390828758687008	0.000390828758687008	0.000390828758687008	0.000390828758687008	0.000390828758687008	0.000390828758687008	0.000390828758687008	0.000390828758687008
0.0196755482634912	0.0196755482634912	0.0196755482634912	0.0196755482634912	0.0196755482634912	0.0196755482634912	0.0196755482634912	0.0196755482634912	0.0196755482634912	0.0196755482634912	0.0196755482634912	0.0196755482634912	0.0196755482634912	0.0196755482634912	0.0196755482634912	0.0196755482634912	0.0196755482634912	0.0196755482634912	0.0196755482634912	0.0196755482634912	0.0196755482634912	0.0196755482634912
0.0134666402053884	0.0134666402053884	0.0134666402053884	0.0134666402053884	0.0134666402053884	0.0134666402053884	0.0134666402053884	0.0134666402053884	0.0134666402053884	0.0134666402053884	0.0134666402053884	0.0134666402053884	0.0134666402053884	0.0134666402053884	0.0134666402053884	0.0134666402053884	0.0134666402053884	0.0134666402053884	0.0134666402053884	0.0134666402053884	0.0134666402053884	0.0134666402053884
0.00842967739474216	0.00842967739474216	0.00842967739474216	0.00842967739474216	0.00842967739474216	0.00842967739474216	0.00842967739474216	0.00842967739474216	0.00842967739474216	0.00842967739474216	0.00842967739474216	0.00842967739474216	0.00842967739474216	0.00842967739474216	0.00842967739474216	0.00842967739474216	0.00842967739474216	0.00842967739474216	0.00842967739474216	0.00842967739474216	0.00842967739474216	0.00842967739474216
0.0683467648977587	0.0683467648977587	0.0683467648977587	0.0683467648977587	0.0683467648977587	0.0683467648977587	0.0683467648977587	0.0683467648977587	0.0683467648977587	0.0683467648977587	0.0683467648977587	0.0683467648977587	0.0683467648977587	0.0683467648977587	0.0683467648977587	0.0683467648977587	0.0683467648977587	0.0683467648977587	0.0683467648977587	0.0683467648977587	0.0683467648977587	0.0683467648977587
0.0530721411715606	0.0530721411715606	0.0530721411715606	0.0530721411715606	0.0530721411715606	0.0530721411715606	0.0530721411715606	0.0530721411715606	0.0530721411715606	0.0530721411715606	0.0530721411715606	0.0530721411715606	0.0530721411715606	0.0530721411715606	0.0530721411715606	0.0530721411715606	0.0530721411715606	0.0530721411715606	0.0530721411715606	0.0530721411715606	0.0530721411715606	0.0530721411715606
0.00326511306067193	0.00326511306067193	0.00326511306067193	0.00326511306067193	0.00326511306067193	0.00326511306067193	0.00326511306067193	0.00326511306067193	0.00326511306067193	0.00326511306067193	0.00326511306067193	0.00326511306067193	0.00326511306067193	0.00326511306067193	0.00326511306067193	0.00326511306067193	0.00326511306067193	0.00326511306067193	0.00326511306067193	0.00326511306067193	0.00326511306067193	0.00326511306067193
0.0268263104641237	0.0268263104641237	0.0268263104641237	0.0268263104641237	0.0268263104641237	0.0268263104641237	0.0268263104641237	0.0268263104641237	0.0268263104641237	0.0268263104641237	0.0268263104641237	0.0268263104641237	0.0268263104641237	0.0268263104641237	0.0268263104641237	0.0268263104641237	0.0268263104641237	0.0268263104641237	0.0268263104641237	0.0268263104641237	0.0268263104641237	0.0268263104641237
0.0108896602789059	0.0108896602789059	0.0108896602789059	0.0108896602789059	0.0108896602789059	0.0108896602789059	0.0108896602789059	0.0108896602789059	0.0108896602789059	0.0108896602789059	0.0108896602789059	0.0108896602789059	0.0108896602789059	0.0108896602789059	0.0108896602789059	0.0108896602789059	0.0108896602789059	0.0108896602789059	0.0108896602789059	0.0108896602789059	0.0108896602789059	0.0108896602789059
0.000926236319056674	0.000926236319056674	0.000926236319056674	0.000926236319056674	0.000926236319056674	0.000926236319056674	0.000926236319056674	0.000926236319056674	0.000926236319056674	0.000926236319056674	0.000926236319056674	0.000926236319056674	0.000926236319056674	0.000926236319056674	0.000926236319056674	0.000926236319056674	0.000926236319056674	0.000926236319056674	0.000926236319056674	0.000926236319056674	0.000926236319056674	0.000926236319056674
4.9357701766204e-07	4.9357701766204e-07	4.9357701766204e-07	4.9357701766204e-07	4.9357701766204e-07	4.9357701766204e-07	4.9357701766204e-07	4.9357701766204e-07	4.9357701766204e-07	4.9357701766204e-07	4.9357701766204e-07	4.9357701766204e-07	4.9357701766204e-07	4.9357701766204e-07	4.9357701766204e-07	4.9357701766204e-07	4.9357701766204e-07	4.9357701766204e-07	4.9357701766204e-07	4.9357701766204e-07	4.9357701766204e-07	4.9357701766204e-07
0.0652529548404466	0.0652529548404466	0.0652529548404466	0.0652529548404466	0.0652529548404466	0.0652529548404466	0.0652529548404466	0.0652529548404466	0.0652529548404466	0.0652529548404466	0.0652529548404466	0.0652529548404466	0.0652529548404466	0.0652529548404466	0.0652529548404466	0.0652529548404466	0.0652529548404466	0.0652529548404466	0.0652529548404466	0.0652529548404466	0.0652529548404466	0.0652529548404466
0.00889870394361354	0.00889870394361354	0.00889870394361354	0.00889870394361354	0.00889870394361354	0.00889870394361354	0.00889870394361354	0.00889870394361354	0.00889870394361354	0.00889870394361354	0.00889870394361354	0.00889870394361354	0.00889870394361354	0.00889870394361354	0.00889870394361354	0.00889870394361354	0.00889870394361354	0.00889870394361354	0.00889870394361354	0.00889870394361354	0.00889870394361354	0.00889870394361354
0.165811784005553	0.165811784005553	0.165811784005553	0.165811784005553	0.165811784005553	0.165811784005553	0.165811784005553	0.165811784005553	0.165811784005553	0.165811784005553	0.165811784005553	0.165811784005553	0.165811784005553	0.165811784005553	0.165811784005553	0.165811784005553	0.165811784005553	0.165811784005553	0.165811784005553	0.165811784005553	0.165811784005553	0.165811784005553
0.00368839761238662	0.00368839761238662	0.00368839761238662	0.00368839761238662	0.00368839761238662	0.00368839761238662	0.00368839761238662	0.00368839761238662	0.00368839761238662	0.00368839761238662	0.00368839761238662	0.00368839761238662	0.00368839761238662	0.00368839761238662	0.00368839761238662	0.00368839761238662	0.00368839761238662	0.00368839761238662	0.00368839761238662	0.00368839761238662	0.00368839761238662	0.00368839761238662
0.0979430714691002	0.0979430714691002	0.0979430714691002	0.0979430714691002	0.0979430714691002	0.0979430714691002	0.0979430714691002	0.0979430714691002	0.0979430714691002	0.0979430714691002	0.0979430714691002	0.0979430714691002	0.0979430714691002	0.0979430714691002	0.0979430714691002	0.0979430714691002	0.0979430714691002	0.0979430714691002	0.0979430714691002	0.0979430714691002	0.0979430714691002	0.0979430714691002
0.0200085143316836	0.0200085143316836	0.0200085143316836	0.0200085143316836	0.0200085143316836	0.0200085143316836	0.0200085143316836	0.0200085143316836	0.0200085143316836	0.0200085143316836	0.0200085143316836	0.0200085143316836	0.0200085143316836	0.0200085143316836	0.0200085143316836	0.0200085143316836	0.0200085143316836	0.0200085143316836	0.0200085143316836	0.0200085143316836	0.0200085143316836	0.0200085143316836
0.0177857659724497	0.0177857659724497	0.0177857659724497	0.0177857659724497	0.0177857659724497	0.0177857659724497	0.0177857659724497	0.0177857659724497	0.0177857659724497	0.0177857659724497	0.0177857659724497	0.0177857659724497	0.0177857659724497	0.0177857659724497	0.0177857659724497	0.0177857659724497	0.0177857659724497	0.0177857659724497	0.0177857659724497	0.0177857659724497	0.0177857659724497	0.0177857659724497
0.00922485160839295	0.00922485160839295	0.00922485160839295	0.00922485160839295	0.00922485160839295	0.00922485160839295	0.00922485160839295	0.00922485160839295	0.00922485160839295	0.00922485160839295	0.00922485160839295	0.00922485160839295	0.00922485160839295	0.00922485160839295	0.00922485160839295	0.00922485160839295	0.00922485160839295	0.00922485160839295	0.00922485160839295	0.00922485160839295	0.00922485160839295	0.00922485160839295
0.0126199333570232	0.0126199333570232	0.0126199333570232	0.0126199333570232	0.0126199333570232	0.0126199333570232	0.0126199333570232	0.0126199333570232	0.0126199333570232	0.0126199333570232	0.0126199333570232	0.0126199333570232	0.0126199333570232	0.0126199333570232	0.0126199333570232	0.0126199333570232	0.0126199333570232	0.0126199333570232	0.0126199333570232	0.0126199333570232	0.0126199333570232	0.0126199333570232
0.007055222640362	0.007055222640362	0.007055222640362	0.007055222640362	0.007055222640362	0.007055222640362	0.007055222640362	0.007055222640362	0.007055222640362	0.007055222640362	0.007055222640362	0.007055222640362	0.007055222640362	0.007055222640362	0.007055222640362	0.007055222640362	0.007055222640362	0.007055222640362	0.007055222640362	0.007055222640362	0.007055222640362	0.007055222640362
0.0264786228789656	0.0264786228789656	0.0264786228789656	0.0264786228789656	0.0264786228789656	0.0264786228789656	0.0264786228789656	0.0264786228789656	0.0264786228789656	0.0264786228789656	0.0264786228789656	0.0264786228789656	0.0264786228789656	0.0264786228789656	0.0264786228789656	0.0264786228789656	0.0264786228789656	0.0264786228789656	0.0264786228789656	0.0264786228789656	0.0264786228789656	0.0264786228789656
0.0031493394283989	0.0031493394283989	0.0031493394283989	0.0031493394283989	0.0031493394283989	0.0031493394283989	0.0031493394283989	0.0031493394283989	0.0031493394283989	0.0031493394283989	0.0031493394283989	0.0031493394283989	0.0031493394283989	0.0031493394283989	0.0031493394283989	0.0031493394283989	0.0031493394283989	0.0031493394283989	0.0031493394283989	0.0031493394283989	0.0031493394283989	0.0031493394283989
0.0984512061782173	0.0984512061782173	0.0984512061782173	0.0984512061782173	0.0984512061782173	0.0984512061782173	0.0984512061782173	0.0984512061782173	0.0984512061782173	0.0984512061782173	0.0984512061782173	0.0984512061782173	0.0984512061782173	0.0984512061782173	0.0984512061782173	0.0984512061782173	0.0984512061782173	0.0984512061782173	0.0984512061782173	0.0984512061782173	0.0984512061782173	0.0984512061782173
0.0326392540661077	0.0326392540661077	0.0326392540661077	0.0326392540661077	0.0326392540661077	0.0326392540661077	0.0326392540661077	0.0326392540661077	0.0326392540661077	0.0326392540661077	0.0326392540661077	0.0326392540661077	0.0326392540661077	0.0326392540661077	0.0326392540661077	0.0326392540661077	0.0326392540661077	0.0326392540661077	0.0326392540661077	0.0326392540661077	0.0326392540661077	0.0326392540661077
0.0349540050690318	0.0349540050690318	0.0349540050690318	0.0349540050690318	0.0349540050690318	0.0349540050690318	0.0349540050690318	0.0349540050690318	0.0349540050690318	0.0349540050690318	0.0349540050690318	0.0349540050690318	0.0349540050690318	0.0349540050690318	0.0349540050690318	0.0349540050690318	0.0349540050690318	0.0349540050690318	0.0349540050690318	0.0349540050690318	0.0349540050690318	0.0349540050690318
0.0318843388884223	0.0318843388884223	0.0318843388884223	0.0318843388884223	0.0318843388884223	0.0318843388884223	0.0318843388884223	0.0318843388884223	0.0318843388884223	0.0318843388884223	0.0318843388884223	0.0318843388884223	0.0318843388884223	0.0318843388884223	0.0318843388884223	0.0318843388884223	0.0318843388884223	0.0318843388884223	0.0318843388884223	0.0318843388884223	0.0318843388884223	0.0318843388884223
0.00020508470256626	0.00020508470256626	0.00020508470256626	0.00020508470256626	0.00020508470256626	0.00020508470256626	0.00020508470256626	0.00020508470256626	0.00020508470256626	0.00020508470256626	0.00020508470256626	0.00020508470256626	0.00020508470256626	0.00020508470256626	0.00020508470256626	0.00020508470256626	0.00020508470256626	0.00020508470256626	0.00020508470256626	0.00020508470256626	0.00020508470256626	0.00020508470256626
0.0664517337617263	0.0664517337617263	0.0664517337617263	0.0664517337617263	0.0664517337617263	0.0664517337617263	0.0664517337617263	0.0664517337617263	0.0664517337617263	0.0664517337617263	0.0664517337617263	0.0664517337617263	0.0664517337617263	0.0664517337617263	0.0664517337617263	0.0664517337617263	0.0664517337617263	0.0664517337617263	0.0664517337617263	0.0664517337617263	0.0664517337617263	0.0664517337617263
0.0243616743345389	0.0243616743345389	0.0243616743345389	0.0243616743345389	0.0243616743345389	0.0243616743345389	0.0243616743345389	0.0243616743345389	0.0243616743345389	0.0243616743345389	0.0243616743345389	0.0243616743345389	0.0243616743345389	0.0243616743345389	0.0243616743345389	0.0243616743345389	0.0243616743345389	0.0243616743345389	0.0243616743345389	0.0243616743345389	0.0243616743345389	0.0243616743345389
0.0480389485707544	0.0480389485707544	0.0480389485707544	0.0480389485707544	0.0480389485707544	0.0480389485707544	0.0480389485707544	0.0480389485707544	0.0480389485707544	0.0480389485707544	0.0480389485707544	0.0480389485707544	0.0480389485707544	0.0480389485707544	0.0480389485707544	0.0480389485707544	0.0480389485707544	0.0480389485707544	0.0480389485707544	0.0480389485707544	0.0480389485707544	0.0480389485707544
0.00558054776067116	0.00558054776067116	0.00558054776067116	0.00558054776067116	0.00558054776067116	0.00558054776067116	0.00558054776067116	0.00558054776067116	0.00558054776067116	0.00558054776067116	0.00558054776067116	0.00558054776067116	0.00558054776067116	0.00558054776067116	0.00558054776067116	0.00558054776067116	0.00558054776067116	0.00558054776067116	0.00558054776067116	0.00558054776067116	0.00558054776067116	0.00558054776067116
0.000351019700011448	0.000351019700011448	0.000351019700011448	0.000351019700011448	0.000351019700011448	0.000351019700011448	0.000351019700011448	0.000351019700011448	0.000351019700011448	0.000351019700011448	0.000351019700011448	0.000351019700011448	0.000351019700011448	0.000351019700011448	0.000351019700011448	0.000351019700011448	0.000351019700011448	0.000351019700011448	0.000351019700011448	0.000351019700011448	0.000351019700011448	0.000351019700011448
0.0158591542982276	0.0158591542982276	0.0158591542982276	0.0158591542982276	0.0158591542982276	0.0158591542982276	0.0158591542982276	0.0158591542982276	0.0158591542982276	0.0158591542982276	0.0158591542982276	0.0158591542982276	0.0158591542982276	0.0158591542982276	0.0158591542982276	0.0158591542982276	0.0158591542982276	0.0158591542982276	0.0158591542982276	0.0158591542982276	0.0158591542982276	0.0158591542982276
0.0543502836693855	0.0543502836693855	0.0543502836693855	0.0543502836693855	0.0543502836693855	0.0543502836693855	0.0543502836693855	0.0543502836693855	0.0543502836693855	0.0543502836693855	0.0543502836693855	0.0543502836693855	0.0543502836693855	0.0543502836693855	0.0543502836693855	0.0543502836693855	0.0543502836693855	0.0543502836693855	0.0543502836693855	0.0543502836693855	0.0543502836693855	0.0543502836693855
0.0670488830517721	0.0670488830517721	0.0670488830517721	0.0670488830517721	0.0670488830517721	0.0670488830517721	0.0670488830517721	0.0670488830517721	0.0670488830517721	0.0670488830517721	0.0670488830517721	0.0670488830517721	0.0670488830517721	0.0670488830517721	0.0670488830517721	0.0670488830517721	0.0670488830517721	0.0670488830517721	0.0670488830517721	0.0670488830517721	0.0670488830517721	0.0670488830517721
0.00742689077401577	0.00742689077401577	0.00742689077401577	0.00742689077401577	0.00742689077401577	0.00742689077401577	0.00742689077401577	0.00742689077401577	0.00742689077401577	0.00742689077401577	0.00742689077401577	0.00742689077401577	0.00742689077401577	0.00742689077401577	0.00742689077401577	0.00742689077401577	0.00742689077401577	0.00742689077401577	0.00742689077401577	0.00742689077401577	0.00742689077401577	0.00742689077401577
0.0445172172627234	0.0445172172627234	0.0445172172627234	0.0445172172627234	0.0445172172627234	0.0445172172627234	0.0445172172627234	0.0445172172627234	0.0445172172627234	0.0445172172627234	0.0445172172627234	0.0445172172627234	0.0445172172627234	0.0445172172627234	0.0445172172627234	0.0445172172627234	0.0445172172627234	0.0445172172627234	0.0445172172627234	0.0445172172627234	0.0445172172627234	0.0445172172627234
9.50025325924886e-05	9.50025325924886e-05	9.50025325924886e-05	9.50025325924886e-05	9.50025325924886e-05	9.50025325924886e-05	9.50025325924886e-05	9.50025325924886e-05	9.50025325924886e-05	9.50025325924886e-05	9.50025325924886e-05	9.50025325924886e-05	9.50025325924886e-05	9.50025325924886e-05	9.50025325924886e-05	9.50025325924886e-05	9.50025325924886e-05	9.50025325924886e-05	9.50025325924886e-05	9.50025325924886e-05	9.50025325924886e-05	9.50025325924886e-05
0.0453774020291343	0.0453774020291343	0.0453774020291343	0.0453774020291343	0.0453774020291343	0.0453774020291343	0.0453774020291343	0.0453774020291343	0.0453774020291343	0.0453774020291343	0.0453774020291343	0.0453774020291343	0.0453774020291343	0.0453774020291343	0.0453774020291343	0.0453774020291343	0.0453774020291343	0.0453774020291343	0.0453774020291343	0.0453774020291343	0.0453774020291343	0.0453774020291343
0.00878158128579478	0.00878158128579478	0.00878158128579478	0.00878158128579478	0.00878158128579478	0.00878158128579478	0.00878158128579478	0.00878158128579478	0.00878158128579478	0.00878158128579478	0.00878158128579478	0.00878158128579478	0.00878158128579478	0.00878158128579478	0.00878158128579478	0.00878158128579478	0.00878158128579478	0.00878158128579478	0.00878158128579478	0.00878158128579478	0.00878158128579478	0.00878158128579478
0.1277722299223	0.1277722299223	0.1277722299223	0.1277722299223	0.1277722299223	0.1277722299223	0.1277722299223	0.1277722299223	0.1277722299223	0.1277722299223	0.1277722299223	0.1277722299223	0.1277722299223	0.1277722299223	0.1277722299223	0.1277722299223	0.1277722299223	0.1277722299223	0.1277722299223	0.1277722299223	0.1277722299223	0.1277722299223
0.0477926320049729	0.0477926320049729	0.0477926320049729	0.0477926320049729	0.0477926320049729	0.0477926320049729	0.0477926320049729	0.0477926320049729	0.0477926320049729	0.0477926320049729	0.0477926320049729	0.0477926320049729	0.0477926320049729	0.0477926320049729	0.0477926320049729	0.0477926320049729	0.0477926320049729	0.0477926320049729	0.0477926320049729	0.0477926320049729	0.0477926320049729	0.0477926320049729
0.000141760246734261	0.000141760246734261	0.000141760246734261	0.000141760246734261	0.000141760246734261	0.000141760246734261	0.000141760246734261	0.000141760246734261	0.000141760246734261	0.000141760246734261	0.000141760246734261	0.000141760246734261	0.000141760246734261	0.000141760246734261	0.000141760246734261	0.000141760246734261	0.000141760246734261	0.000141760246734261	0.000141760246734261	0.000141760246734261	0.000141760246734261	0.000141760246734261
0.00677872419045683	0.00677872419045683	0.00677872419045683	0.00677872419045683	0.00677872419045683	0.00677872419045683	0.00677872419045683	0.00677872419045683	0.00677872419045683	0.00677872419045683	0.00677872419045683	0.00677872419045683	0.00677872419045683	0.00677872419045683	0.00677872419045683	0.00677872419045683	0.00677872419045683	0.00677872419045683	0.00677872419045683	0.00677872419045683	0.00677872419045683	0.00677872419045683
0.0830939918394907	0.0830939918394907	0.0830939918394907	0.0830939918394907	0.0830939918394907	0.0830939918394907	0.0830939918394907	0.0830939918394907	0.0830939918394907	0.0830939918394907	0.0830939918394907	0.0830939918394907	0.0830939918394907	0.0830939918394907	0.0830939918394907	0.0830939918394907	0.0830939918394907	0.0830939918394907	0.0830939918394907	0.0830939918394907	0.0830939918394907	0.0830939918394907
0.0542348691500805	0.0542348691500805	0.0542348691500805	0.0542348691500805	0.0542348691500805	0.0542348691500805	0.0542348691500805	0.0542348691500805	0.0542348691500805	0.0542348691500805	0.0542348691500805	0.0542348691500805	0.0542348691500805	0.0542348691500805	0.0542348691500805	0.0542348691500805	0.0542348691500805	0.0542348691500805	0.0542348691500805	0.0542348691500805	0.0542348691500805	0.0542348691500805
0.0617499477155941	0.0617499477155941	0.0617499477155941	0.0617499477155941	0.0617499477155941	0.0617499477155941	0.0617499477155941	0.0617499477155941	0.0617499477155941	0.0617499477155941	0.0617499477155941	0.0617499477155941	0.0617499477155941	0.0617499477155941	0.0617499477155941	0.0617499477155941	0.0617499477155941	0.0617499477155941	0.0617499477155941	0.0617499477155941	0.0617499477155941	0.0617499477155941
0.00967278446525841	0.00967278446525841	0.00967278446525841	0.00967278446525841	0.00967278446525841	0.00967278446525841	0.00967278446525841	0.00967278446525841	0.00967278446525841	0.00967278446525841	0.00967278446525841	0.00967278446525841	0.00967278446525841	0.00967278446525841	0.00967278446525841	0.00967278446525841	0.00967278446525841	0.00967278446525841	0.00967278446525841	0.00967278446525841	0.00967278446525841	0.00967278446525841
0.0333894366211814	0.0333894366211814	0.0333894366211814	0.0333894366211814	0.0333894366211814	0.0333894366211814	0.0333894366211814	0.0333894366211814	0.0333894366211814	0.0333894366211814	0.0333894366211814	0.0333894366211814	0.0333894366211814	0.0333894366211814	0.0333894366211814	0.0333894366211814	0.0333894366211814	0.0333894366211814	0.0333894366211814	0.0333894366211814	0.0333894366211814	0.0333894366211814
0.0060956398037386	0.0060956398037386	0.0060956398037386	0.0060956398037386	0.0060956398037386	0.0060956398037386	0.0060956398037386	0.0060956398037386	0.0060956398037386	0.0060956398037386	0.0060956398037386	0.0060956398037386	0.0060956398037386	0.0060956398037386	0.0060956398037386	0.0060956398037386	0.0060956398037386	0.0060956398037386	0.0060956398037386	0.0060956398037386	0.0060956398037386	0.0060956398037386
0.0395749295941561	0.0395749295941561	0.0395749295941561	0.0395749295941561	0.0395749295941561	0.0395749295941561	0.0395749295941561	0.0395749295941561	0.0395749295941561	0.0395749295941561	0.0395749295941561	0.0395749295941561	0.0395749295941561	0.0395749295941561	0.0395749295941561	0.0395749295941561	0.0395749295941561	0.0395749295941561	0.0395749295941561	0.0395749295941561	0.0395749295941561	0.0395749295941561
0.00205062164052812	0.00205062164052812	0.00205062164052812	0.00205062164052812	0.00205062164052812	0.00205062164052812	0.00205062164052812	0.00205062164052812	0.00205062164052812	0.00205062164052812	0.00205062164052812	0.00205062164052812	0.00205062164052812	0.00205062164052812	0.00205062164052812	0.00205062164052812	0.00205062164052812	0.00205062164052812	0.00205062164052812	0.00205062164052812	0.00205062164052812	0.00205062164052812
0.00410520153999486	0.00410520153999486	0.00410520153999486	0.00410520153999486	0.00410520153999486	0.00410520153999486	0.00410520153999486	0.00410520153999486	0.00410520153999486	0.00410520153999486	0.00410520153999486	0.00410520153999486	0.00410520153999486	0.00410520153999486	0.00410520153999486	0.00410520153999486	0.00410520153999486	0.00410520153999486	0.00410520153999486	0.00410520153999486	0.00410520153999486	0.00410520153999486
0.002930427165946	0.002930427165946	0.002930427165946	0.002930427165946	0.002930427165946	0.002930427165946	0.002930427165946	0.002930427165946	0.002930427165946	0.002930427165946	0.002930427165946	0.002930427165946	0.002930427165946	0.002930427165946	0.002930427165946	0.002930427165946	0.002930427165946	0.002930427165946	0.002930427165946	0.002930427165946	0.002930427165946	0.002930427165946
0.0183274500101244	0.0183274500101244	0.0183274500101244	0.0183274500101244	0.0183274500101244	0.0183274500101244	0.0183274500101244	0.0183274500101244	0.0183274500101244	0.0183274500101244	0.0183274500101244	0.0183274500101244	0.0183274500101244	0.0183274500101244	0.0183274500101244	0.0183274500101244	0.0183274500101244	0.0183274500101244	0.0183274500101244	0.0183274500101244	0.0183274500101244	0.0183274500101244
0.0132583392892064	0.0132583392892064	0.0132583392892064	0.0132583392892064	0.0132583392892064	0.0132583392892064	0.0132583392892064	0.0132583392892064	0.0132583392892064	0.0132583392892064	0.0132583392892064	0.0132583392892064	0.0132583392892064	0.0132583392892064	0.0132583392892064	0.0132583392892064	0.0132583392892064	0.0132583392892064	0.0132583392892064	0.0132583392892064	0.0132583392892064	0.0132583392892064
0.068323907568604	0.068323907568604	0.068323907568604	0.068323907568604	0.068323907568604	0.068323907568604	0.068323907568604	0.068323907568604	0.068323907568604	0.068323907568604	0.068323907568604	0.068323907568604	0.068323907568604	0.068323907568604	0.068323907568604	0.068323907568604	0.068323907568604	0.068323907568604	0.068323907568604	0.068323907568604	0.068323907568604	0.068323907568604
0.0689026440640197	0.0689026440640197	0.0689026440640197	0.0689026440640197	0.0689026440640197	0.0689026440640197	0.0689026440640197	0.0689026440640197	0.0689026440640197	0.0689026440640197	0.0689026440640197	0.0689026440640197	0.0689026440640197	0.0689026440640197	0.0689026440640197	0.0689026440640197	0.0689026440640197	0.0689026440640197	0.0689026440640197	0.0689026440640197	0.0689026440640197	0.0689026440640197
0.0188775114793328	0.0188775114793328	0.0188775114793328	0.0188775114793328	0.0188775114793328	0.0188775114793328	0.0188775114793328	0.0188775114793328	0.0188775114793328	0.0188775114793328	0.0188775114793328	0.0188775114793328	0.0188775114793328	0.0188775114793328	0.0188775114793328	0.0188775114793328	0.0188775114793328	0.0188775114793328	0.0188775114793328	0.0188775114793328	0.0188775114793328	0.0188775114793328
0.0303469379741225	0.0303469379741225	0.0303469379741225	0.0303469379741225	0.0303469379741225	0.0303469379741225	0.0303469379741225	0.0303469379741225	0.0303469379741225	0.0303469379741225	0.0303469379741225	0.0303469379741225	0.0303469379741225	0.0303469379741225	0.0303469379741225	0.0303469379741225	0.0303469379741225	0.0303469379741225	0.0303469379741225	0.0303469379741225	0.0303469379741225	0.0303469379741225
0.0178359805037525	0.0178359805037525	0.0178359805037525	0.0178359805037525	0.0178359805037525	0.0178359805037525	0.0178359805037525	0.0178359805037525	0.0178359805037525	0.0178359805037525	0.0178359805037525	0.0178359805037525	0.0178359805037525	0.0178359805037525	0.0178359805037525	0.0178359805037525	0.0178359805037525	0.0178359805037525	0.0178359805037525	0.0178359805037525	0.0178359805037525	0.0178359805037525
0.0409379329701231	0.0409379329701231	0.0409379329701231	0.0409379329701231	0.0409379329701231	0.0409379329701231	0.0409379329701231	0.0409379329701231	0.0409379329701231	0.0409379329701231	0.0409379329701231	0.0409379329701231	0.0409379329701231	0.0409379329701231	0.0409379329701231	0.0409379329701231	0.0409379329701231	0.0409379329701231	0.0409379329701231	0.0409379329701231	0.0409379329701231	0.0409379329701231
0.00317917567862526	0.00317917567862526	0.00317917567862526	0.00317917567862526	0.00317917567862526	0.00317917567862526	0.00317917567862526	0.00317917567862526	0.00317917567862526	0.00317917567862526	0.00317917567862526	0.00317917567862526	0.00317917567862526	0.00317917567862526	0.00317917567862526	0.00317917567862526	0.00317917567862526	0.00317917567862526	0.00317917567862526	0.00317917567862526	0.00317917567862526	0.00317917567862526
0.119466236458163	0.119466236458163	0.119466236458163	0.119466236458163	0.119466236458163	0.119466236458163	0.119466236458163	0.119466236458163	0.119466236458163	0.119466236458163	0.119466236458163	0.119466236458163	0.119466236458163	0.119466236458163	0.119466236458163	0.119466236458163	0.119466236458163	0.119466236458163	0.119466236458163	0.119466236458163	0.119466236458163	0.119466236458163
0.000937326632550668	0.000937326632550668	0.000937326632550668	0.000937326632550668	0.000937326632550668	0.000937326632550668	0.000937326632550668	0.000937326632550668	0.000937326632550668	0.000937326632550668	0.000937326632550668	0.000937326632550668	0.000937326632550668	0.000937326632550668	0.000937326632550668	0.000937326632550668	0.000937326632550668	0.000937326632550668	0.000937326632550668	0.000937326632550668	0.000937326632550668	0.000937326632550668
0.000241705251058571	0.000241705251058571	0.000241705251058571	0.000241705251058571	0.000241705251058571	0.000241705251058571	0.000241705251058571	0.000241705251058571	0.000241705251058571	0.000241705251058571	0.000241705251058571	0.000241705251058571	0.000241705251058571	0.000241705251058571	0.000241705251058571	0.000241705251058571	0.000241705251058571	0.000241705251058571	0.000241705251058571	0.000241705251058571	0.000241705251058571	0.000241705251058571
0.0126795986376434	0.0126795986376434	0.0126795986376434	0.0126795986376434	0.0126795986376434	0.0126795986376434	0.0126795986376434	0.0126795986376434	0.0126795986376434	0.0126795986376434	0.0126795986376434	0.0126795986376434	0.0126795986376434	0.0126795986376434	0.0126795986376434	0.0126795986376434	0.0126795986376434	0.0126795986376434	0.0126795986376434	0.0126795986376434	0.0126795986376434	0.0126795986376434
0.059597428524223	0.059597428524223	0.059597428524223	0.059597428524223	0.059597428524223	0.059597428524223	0.059597428524223	0.059597428524223	0.059597428524223	0.059597428524223	0.059597428524223	0.059597428524223	0.059597428524223	0.059597428524223	0.059597428524223	0.059597428524223	0.059597428524223	0.059597428524223	0.059597428524223	0.059597428524223	0.059597428524223	0.059597428524223
